{
"InputOffset": [0.000000, 0.000000, 0.000000, 0.000000, 0.000000, 0.000000, 0.000000, 0.000000, 0.000000, 0.000000],
"InputScale": [0.500000, 0.500000, 100.000000, 100.000000, 2.000000, 2.000000, 10.000000, 10.000000, 0.200000, 0.200000],
"OutputOffset": [-0.500000, -0.500000, -0.500000],
"OutputScale": [2.000000, 2.000000, 2.000000]
}