{
"InputOffset": [0.000000, 0.000000, 0.000000, 0.000000, 0.000000, 0.000000],
"InputScale": [0.500000, 0.500000, 0.318310, 0.318310, 0.159155, 0.159155],
"OutputOffset": [0.000000],
"OutputScale": [0.010000]
}