{
"InputOffset": [0.000000, 0.000000, 0.000000, 0.000000, 0.000000, 0.000000, 0.000000, 0.000000, 0.000000, 0.000000],
"InputScale": [0.500000, 0.500000, 100.000000, 100.000000, 2.000000, 2.000000, 10.000000, 10.000000, 0.200000, 0.200000],
"OutputOffset": [0.000000, 0.000000, 0.000000, 20.000000, 0.000000, -20.000000],
"OutputScale": [0.100000, 0.100000, 0.100000, 0.010000, 0.010000, 0.010000]
}