{
"InputOffset": [0.516602, 0.526367, 0.523438, 0.526367, 0.523438, 0.518555, 0.522461, 0.514648, 0.520508, 0.511719, 0.507813, 0.508789, 0.496094, 0.500000, 0.493164, 0.502930, 0.503906, 0.506836, 0.510742, 0.506836, 0.509766, 0.509766, 0.505859, 0.500977, 0.500000, 0.496094, 0.500977, 0.489258, 0.500000, 0.505859, 0.512695, 0.523438, 0.502930, 0.496094, 0.479492, 0.498047, 0.500000, 0.515625, 0.521484, 0.517578, 0.512695, 0.512695, 0.523438, 0.536133, 0.541016, 0.539063, 0.526367, 0.521484, 0.521484, 0.508789, 0.513672, 0.502930, 0.502930, 0.505859, 0.502930, 0.499023, 0.500000, 0.497070, 0.506836, 0.499023, 0.490234, 0.495117, 0.494141, 0.488281, 0.482422, 0.487305, 0.485352, 0.480469, 0.499023, 0.511719, 0.513672, 0.529297, 0.528320, 0.541992, 0.550781, 0.538086, 0.541992, 0.526367, 0.526367, 0.515625, 0.518555, 0.510742, 0.509766, 0.508789, 0.513672, 0.514648, 0.517578, 0.520508, 0.518555, 0.501953, 0.503906, 0.500000, 0.499023, 0.501953, 0.500977, 0.501953, 0.503906, 0.507813, 0.518555, 0.516602, -1.300000],
"InputScale": [2.000126, 2.001809, 2.001223, 2.001809, 2.001223, 2.000401, 2.001043, 1.999882, 2.000707, 1.999572, 1.999267, 1.999332, 1.999084, 1.999023, 1.999210, 1.999058, 1.999084, 1.999210, 1.999485, 1.999210, 1.999405, 1.999405, 1.999160, 1.999027, 1.999023, 1.999084, 1.999027, 1.999485, 1.999023, 1.999160, 1.999668, 2.001223, 1.999058, 1.999084, 2.000707, 1.999038, 1.999023, 2.000000, 2.000871, 2.000260, 1.999668, 1.999668, 2.001223, 2.004264, 2.005783, 2.005152, 2.001809, 2.000871, 2.000871, 1.999332, 1.999771, 1.999058, 1.999058, 1.999160, 1.999058, 1.999027, 1.999023, 1.999058, 1.999210, 1.999027, 1.999405, 1.999119, 1.999160, 1.999572, 2.000260, 1.999668, 1.999882, 2.000550, 1.999027, 1.999572, 1.999771, 2.002464, 2.002238, 2.006111, 2.009414, 2.004848, 2.006111, 2.001809, 2.001809, 2.000000, 2.000401, 1.999485, 1.999405, 1.999332, 1.999771, 1.999882, 2.000260, 2.000707, 2.000401, 1.999038, 1.999084, 1.999023, 1.999027, 1.999038, 1.999027, 1.999038, 1.999084, 1.999267, 2.000401, 2.000126, 0.833333],
"OutputOffset": [-0.500000],
"OutputScale": [2.000000]
}