{
"InputOffset": [0.507288, 0.505791, 0.508586, 0.508387, 0.509685, 0.508786, 0.509685, 0.508686, 0.507188, 0.506789, 0.508886, 0.505791, 0.510583, 0.509485, 0.510883, 0.507987, 0.509285, 0.511182, 0.509485, 0.509385, 0.510783, 0.509185, 0.511881, 0.514277, 0.513179, 0.511781, 0.509884, 0.511382, 0.510683, 0.509385, 0.509485, 0.507188, 0.509884, 0.505591, 0.505092, 0.502796, 0.505292, 0.504293, 0.503994, 0.505292, 0.505491, 0.508986, 0.509784, 0.507987, 0.513978, 0.517372, 0.514776, 0.517472, 0.520168, 0.522564, 0.520867, 0.520767, 0.517672, 0.512081, 0.513478, 0.516673, 0.520367, 0.516374, 0.512081, 0.512879, 0.505591, 0.505990, 0.508486, 0.510084, 0.505491, 0.502396, 0.502396, 0.500499, 0.507089, 0.505192, 0.504493, 0.505691, 0.503694, 0.501897, 0.503594, 0.505891, 0.511082, 0.512879, 0.514677, 0.508786, 0.507288, 0.507588, 0.508187, 0.509485, 0.506090, 0.504293, 0.507987, 0.508686, 0.505591, 0.505391, 0.508486, 0.511282, 0.512081, 0.513079, 0.512680, 0.513279, 0.515375, 0.515176, 0.511881, 0.510383],
"InputScale": [2.000113, 2.000034, 2.000195, 2.000182, 2.000275, 2.000209, 2.000275, 2.000202, 2.000107, 2.000085, 2.000216, 2.000034, 2.000348, 2.000260, 2.000374, 2.000155, 2.000245, 2.000400, 2.000260, 2.000253, 2.000365, 2.000238, 2.000465, 2.000716, 2.000595, 2.000456, 2.000291, 2.000419, 2.000357, 2.000253, 2.000260, 2.000107, 2.000291, 2.000025, 2.000004, 1.999931, 2.000012, 1.999974, 1.999964, 2.000012, 2.000021, 2.000223, 2.000283, 2.000155, 2.000682, 2.001108, 2.000774, 2.001122, 2.001529, 2.001940, 2.001644, 2.001627, 2.001150, 2.000484, 2.000627, 2.001013, 2.001561, 2.000973, 2.000484, 2.000564, 2.000025, 2.000044, 2.000188, 2.000307, 2.000021, 1.999923, 1.999923, 1.999901, 2.000101, 2.000008, 1.999981, 2.000030, 1.999955, 1.999915, 1.999952, 2.000039, 2.000392, 2.000564, 2.000762, 2.000209, 2.000113, 2.000130, 2.000168, 2.000260, 2.000049, 1.999974, 2.000155, 2.000202, 2.000025, 2.000016, 2.000188, 2.000409, 2.000484, 2.000585, 2.000544, 2.000606, 2.000846, 2.000822, 2.000465, 2.000332],
"OutputOffset": [-0.800000, -1.600000],
"OutputScale": [0.833333, 0.833333]
}