{
"InputOffset": [0.515276, 0.514776, 0.513279, 0.512081, 0.510483, 0.509385, 0.507089, 0.506889, 0.508886, 0.506290, 0.508686, 0.508287, 0.506290, 0.511581, 0.509385, 0.507089, 0.508087, 0.509385, 0.505990, 0.502995, 0.502596, 0.507588, 0.511681, 0.511981, 0.511082, 0.508986, 0.512580, 0.515176, 0.513279, 0.512780, 0.510982, 0.509784, 0.507987, 0.505891, 0.503494, 0.504493, 0.506290, 0.505990, 0.509085, 0.510383, 0.512380, 0.511581, 0.516673, 0.514677, 0.514677, 0.510783, 0.513279, 0.512480, 0.514976, 0.516074, 0.514477, 0.517572, 0.515176, 0.515475, 0.516573, 0.514677, 0.514377, 0.513179, 0.513079, 0.514377, 0.508586, 0.509984, 0.505691, 0.503095, 0.503994, 0.500799, 0.502097, 0.504792, 0.505491, 0.509285, 0.508486, 0.509784, 0.506989, 0.508586, 0.505192, 0.505092, 0.507089, 0.512480, 0.512979, 0.518071, 0.516773, 0.516673, 0.515974, 0.516074, 0.513179, 0.510284, 0.510583, 0.511182, 0.510683, 0.512680, 0.514776, 0.514976, 0.518071, 0.512181, 0.511881, 0.511681, 0.507288, 0.515675, 0.515475, 0.516873, -0.800000],
"InputScale": [2.000834, 2.000774, 2.000606, 2.000484, 2.000340, 2.000253, 2.000101, 2.000090, 2.000216, 2.000058, 2.000202, 2.000175, 2.000058, 2.000437, 2.000253, 2.000101, 2.000162, 2.000253, 2.000044, 1.999936, 1.999927, 2.000130, 2.000446, 2.000475, 2.000392, 2.000223, 2.000533, 2.000822, 2.000606, 2.000554, 2.000383, 2.000283, 2.000155, 2.000039, 1.999949, 1.999981, 2.000058, 2.000044, 2.000230, 2.000332, 2.000513, 2.000437, 2.001013, 2.000762, 2.000762, 2.000365, 2.000606, 2.000523, 2.000798, 2.000934, 2.000739, 2.001136, 2.000822, 2.000859, 2.001000, 2.000762, 2.000727, 2.000595, 2.000585, 2.000727, 2.000195, 2.000299, 2.000030, 1.999938, 1.999964, 1.999903, 1.999918, 1.999992, 2.000021, 2.000245, 2.000188, 2.000283, 2.000096, 2.000195, 2.000008, 2.000004, 2.000101, 2.000523, 2.000574, 2.001208, 2.001026, 2.001013, 2.000922, 2.000934, 2.000595, 2.000323, 2.000348, 2.000400, 2.000357, 2.000544, 2.000774, 2.000798, 2.001208, 2.000494, 2.000465, 2.000446, 2.000113, 2.000884, 2.000859, 2.001040, 1.666667],
"OutputOffset": [-0.500000],
"OutputScale": [2.000000]
}