{
"InputOffset": [0.517173, 0.515575, 0.514876, 0.514377, 0.513079, 0.507388, 0.510284, 0.513678, 0.511981, 0.514776, 0.511681, 0.511781, 0.510683, 0.508986, 0.509784, 0.510184, 0.514377, 0.518570, 0.514776, 0.512380, 0.508986, 0.509385, 0.507488, 0.509884, 0.506789, 0.505092, 0.508486, 0.510783, 0.510683, 0.504493, 0.512680, 0.517672, 0.515475, 0.517772, 0.524062, 0.527057, 0.529752, 0.528255, 0.525559, 0.524661, 0.521066, 0.518371, 0.508387, 0.504593, 0.500699, 0.502296, 0.502396, 0.500998, 0.498602, 0.502995, 0.507887, 0.513878, 0.515276, 0.516474, 0.512580, 0.517073, 0.513379, 0.517572, 0.515076, 0.511681, 0.515875, 0.512979, 0.514776, 0.514876, 0.515974, 0.512081, 0.510483, 0.511182, 0.511681, 0.509984, 0.511681, 0.509685, 0.513678, 0.512280, 0.514277, 0.515675, 0.521166, 0.520867, 0.520268, 0.518970, 0.517672, 0.519768, 0.522464, 0.521765, 0.522764, 0.518171, 0.516773, 0.512580, 0.510383, 0.508387, 0.509685, 0.511382, 0.511482, 0.510284, 0.511282, 0.507788, 0.504692, 0.505391, 0.511581, 0.513578, 0.000000, 0.000000, 0.000000, 0.000000, 0.000000, 0.000000, 0.000000, 0.000000, 0.000000, 0.000000, 0.000000, 0.000000, 0.000000, 0.000000, 0.000000, 0.000000],
"InputScale": [2.001181, 2.000971, 2.000886, 2.000827, 2.000685, 2.000218, 2.000423, 2.000749, 2.000574, 2.000874, 2.000546, 2.000555, 2.000457, 2.000323, 2.000383, 2.000415, 2.000827, 2.001381, 2.000874, 2.000613, 2.000323, 2.000352, 2.000224, 2.000391, 2.000184, 2.000104, 2.000288, 2.000465, 2.000457, 2.000081, 2.000643, 2.001250, 2.000959, 2.001265, 2.002320, 2.002935, 2.003550, 2.003201, 2.002618, 2.002437, 2.001778, 2.001351, 2.000281, 2.000084, 2.000002, 2.000021, 2.000023, 2.000004, 2.000008, 2.000036, 2.000249, 2.000771, 2.000934, 2.001086, 2.000633, 2.001167, 2.000716, 2.001236, 2.000910, 2.000546, 2.001009, 2.000674, 2.000874, 2.000886, 2.001022, 2.000584, 2.000440, 2.000500, 2.000546, 2.000399, 2.000546, 2.000375, 2.000749, 2.000604, 2.000816, 2.000984, 2.001794, 2.001744, 2.001645, 2.001441, 2.001250, 2.001565, 2.002022, 2.001898, 2.002076, 2.001322, 2.001126, 2.000633, 2.000431, 2.000281, 2.000375, 2.000518, 2.000528, 2.000423, 2.000509, 2.000243, 2.000088, 2.000116, 2.000537, 2.000738, 1.000000, 1.000000, 1.000000, 1.000000, 1.000000, 1.000000, 1.000000, 1.000000, 1.000000, 1.000000, 1.000000, 1.000000, 1.000000, 1.000000, 1.000000, 1.000000],
"OutputOffset": [-1.300000, 0.000000, 0.000000, 0.000000, 0.000000, 0.000000, 0.000000, 0.000000, 0.000000, 0.000000, 0.000000, 0.000000, 0.000000, 0.000000, 0.000000, 0.000000, 0.000000],
"OutputScale": [0.833333, 1.000000, 1.000000, 1.000000, 1.000000, 1.000000, 1.000000, 1.000000, 1.000000, 1.000000, 1.000000, 1.000000, 1.000000, 1.000000, 1.000000, 1.000000, 1.000000]
}