{
"InputOffset": [0.503494, 0.494109, 0.491813, 0.488618, 0.491414, 0.490715, 0.495208, 0.494908, 0.497005, 0.497005, 0.498502, 0.502097, 0.504493, 0.507488, 0.509984, 0.516673, 0.519569, 0.519669, 0.518570, 0.519169, 0.519269, 0.519469, 0.523363, 0.522065, 0.519369, 0.519169, 0.521665, 0.522165, 0.523462, 0.518870, 0.516773, 0.515875, 0.512480, 0.515276, 0.511382, 0.504493, 0.501198, 0.500399, 0.502396, 0.503295, 0.503395, 0.503295, 0.503395, 0.504193, 0.506490, 0.504892, 0.506190, 0.504992, 0.504493, 0.507987, 0.507987, 0.505990, 0.504293, 0.502097, 0.501797, 0.498902, 0.500799, 0.502995, 0.503794, 0.505292, 0.503794, 0.510683, 0.513978, 0.510583, 0.506490, 0.506390, 0.503295, 0.507288, 0.508387, 0.509285, 0.508586, 0.503994, 0.504293, 0.504892, 0.504792, 0.510583, 0.507788, 0.511881, 0.510683, 0.508686, 0.504393, 0.505691, 0.508586, 0.510583, 0.514277, 0.515775, 0.517173, 0.515475, 0.513179, 0.513478, 0.506190, 0.506190, 0.507488, 0.507288, 0.504692, 0.506689, 0.510383, 0.515176, 0.510783, 0.509585],
"InputScale": [1.999949, 2.000039, 2.000168, 2.000419, 2.000195, 2.000245, 1.999992, 2.000004, 1.999936, 1.999936, 1.999909, 1.999918, 1.999981, 2.000124, 2.000299, 2.001013, 2.001434, 2.001449, 2.001281, 2.001372, 2.001387, 2.001418, 2.002087, 2.001850, 2.001402, 2.001372, 2.001780, 2.001868, 2.002106, 2.001326, 2.001026, 2.000909, 2.000523, 2.000834, 2.000419, 1.999981, 1.999906, 1.999901, 1.999923, 1.999944, 1.999946, 1.999944, 1.999946, 1.999970, 2.000069, 1.999996, 2.000053, 2.000000, 1.999981, 2.000155, 2.000155, 2.000044, 1.999974, 1.999918, 1.999913, 1.999905, 1.999903, 1.999936, 1.999958, 2.000012, 1.999958, 2.000357, 2.000682, 2.000348, 2.000069, 2.000063, 1.999944, 2.000113, 2.000182, 2.000245, 2.000195, 1.999964, 1.999974, 1.999996, 1.999992, 2.000348, 2.000143, 2.000465, 2.000357, 2.000202, 1.999977, 2.000030, 2.000195, 2.000348, 2.000716, 2.000896, 2.001081, 2.000859, 2.000595, 2.000627, 2.000053, 2.000053, 2.000124, 2.000113, 1.999988, 2.000079, 2.000332, 2.000822, 2.000365, 2.000268],
"OutputOffset": [-1.300000],
"OutputScale": [0.833333]
}