{
"InputOffset": [0.511981, 0.508886, 0.513079, 0.512181, 0.510583, 0.511082, 0.515276, 0.513379, 0.515775, 0.516873, 0.516074, 0.513478, 0.512081, 0.509385, 0.508686, 0.509585, 0.510783, 0.510982, 0.510483, 0.512979, 0.514876, 0.512979, 0.514077, 0.517372, 0.517073, 0.517772, 0.515276, 0.514776, 0.513978, 0.511382, 0.510982, 0.506789, 0.506490, 0.504692, 0.506490, 0.506689, 0.508087, 0.507788, 0.507987, 0.508786, 0.511182, 0.515176, 0.515076, 0.514976, 0.517772, 0.523762, 0.522165, 0.524062, 0.526657, 0.524062, 0.520168, 0.518770, 0.517672, 0.516573, 0.517871, 0.515276, 0.516274, 0.506789, 0.503395, 0.500300, 0.501398, 0.501597, 0.499601, 0.503295, 0.509085, 0.512979, 0.514277, 0.511382, 0.516374, 0.517871, 0.520467, 0.521166, 0.523163, 0.518371, 0.516274, 0.518770, 0.515575, 0.513379, 0.515076, 0.513179, 0.512181, 0.509984, 0.509285, 0.506889, 0.503794, 0.510483, 0.512380, 0.512380, 0.512280, 0.509784, 0.512480, 0.505391, 0.504493, 0.509085, 0.510883, 0.508387, 0.508087, 0.504493, 0.504992, 0.506889, -1.300000],
"InputScale": [2.000475, 2.000216, 2.000585, 2.000494, 2.000348, 2.000392, 2.000834, 2.000616, 2.000896, 2.001040, 2.000934, 2.000627, 2.000484, 2.000253, 2.000202, 2.000268, 2.000365, 2.000383, 2.000340, 2.000574, 2.000786, 2.000574, 2.000693, 2.001108, 2.001067, 2.001165, 2.000834, 2.000774, 2.000682, 2.000419, 2.000383, 2.000085, 2.000069, 1.999988, 2.000069, 2.000079, 2.000162, 2.000143, 2.000155, 2.000209, 2.000400, 2.000822, 2.000810, 2.000798, 2.001165, 2.002162, 2.001868, 2.002220, 2.002749, 2.002220, 2.001529, 2.001311, 2.001150, 2.001000, 2.001179, 2.000834, 2.000960, 2.000085, 1.999946, 1.999901, 1.999908, 1.999910, 1.999901, 1.999944, 2.000230, 2.000574, 2.000716, 2.000419, 2.000973, 2.001179, 2.001578, 2.001695, 2.002050, 2.001251, 2.000960, 2.001311, 2.000871, 2.000616, 2.000810, 2.000595, 2.000494, 2.000299, 2.000245, 2.000090, 1.999958, 2.000340, 2.000513, 2.000513, 2.000504, 2.000283, 2.000523, 2.000016, 1.999981, 2.000230, 2.000374, 2.000182, 2.000162, 1.999981, 2.000000, 2.000090, 0.833333],
"OutputOffset": [-0.500000],
"OutputScale": [2.000000]
}