{
"InputOffset": [0.515974, 0.511781, 0.515775, 0.516474, 0.515875, 0.515875, 0.512879, 0.509784, 0.511082, 0.510783, 0.512879, 0.514377, 0.515575, 0.515076, 0.515176, 0.513478, 0.515076, 0.513179, 0.510783, 0.511082, 0.507987, 0.510982, 0.510184, 0.511581, 0.512979, 0.514876, 0.514776, 0.514377, 0.514177, 0.515675, 0.515475, 0.512780, 0.517173, 0.515974, 0.516374, 0.515675, 0.513578, 0.515276, 0.514577, 0.512979, 0.512580, 0.513179, 0.512879, 0.515875, 0.514477, 0.513878, 0.514477, 0.512979, 0.514177, 0.513478, 0.510982, 0.505990, 0.505491, 0.504992, 0.507288, 0.503095, 0.505990, 0.510883, 0.514477, 0.516374, 0.518870, 0.521765, 0.517971, 0.519169, 0.518870, 0.520268, 0.521565, 0.523462, 0.524261, 0.526757, 0.519269, 0.518171, 0.512780, 0.513478, 0.512181, 0.510683, 0.508387, 0.503594, 0.504692, 0.507288, 0.505491, 0.506589, 0.509185, 0.505391, 0.507887, 0.508287, 0.509085, 0.511881, 0.511082, 0.513578, 0.514077, 0.514976, 0.514177, 0.517272, 0.517472, 0.517971, 0.515575, 0.515076, 0.514577, 0.513279, 0.000000, 0.000000, 0.000000, 0.000000, 0.000000, 0.000000, 0.000000, 0.000000, 0.000000, 0.000000, 0.000000, 0.000000, 0.000000, 0.000000, 0.000000, 0.000000],
"InputScale": [2.001022, 2.000555, 2.000996, 2.001086, 2.001009, 2.001009, 2.000664, 2.000383, 2.000491, 2.000465, 2.000664, 2.000827, 2.000971, 2.000910, 2.000922, 2.000727, 2.000910, 2.000695, 2.000465, 2.000491, 2.000255, 2.000483, 2.000415, 2.000537, 2.000674, 2.000886, 2.000874, 2.000827, 2.000804, 2.000984, 2.000959, 2.000654, 2.001181, 2.001022, 2.001073, 2.000984, 2.000738, 2.000934, 2.000850, 2.000674, 2.000633, 2.000695, 2.000664, 2.001009, 2.000839, 2.000771, 2.000839, 2.000674, 2.000804, 2.000727, 2.000483, 2.000144, 2.000121, 2.000100, 2.000213, 2.000038, 2.000144, 2.000474, 2.000839, 2.001073, 2.001426, 2.001898, 2.001293, 2.001471, 2.001426, 2.001645, 2.001863, 2.002206, 2.002359, 2.002870, 2.001487, 2.001322, 2.000654, 2.000727, 2.000594, 2.000457, 2.000281, 2.000052, 2.000088, 2.000213, 2.000121, 2.000174, 2.000338, 2.000116, 2.000249, 2.000275, 2.000330, 2.000565, 2.000491, 2.000738, 2.000793, 2.000898, 2.000804, 2.001194, 2.001222, 2.001293, 2.000971, 2.000910, 2.000850, 2.000706, 1.000000, 1.000000, 1.000000, 1.000000, 1.000000, 1.000000, 1.000000, 1.000000, 1.000000, 1.000000, 1.000000, 1.000000, 1.000000, 1.000000, 1.000000, 1.000000],
"OutputOffset": [-1.300000, 0.000000, 0.000000, 0.000000, 0.000000, 0.000000, 0.000000, 0.000000, 0.000000, 0.000000, 0.000000, 0.000000, 0.000000, 0.000000, 0.000000, 0.000000, 0.000000],
"OutputScale": [0.833333, 1.000000, 1.000000, 1.000000, 1.000000, 1.000000, 1.000000, 1.000000, 1.000000, 1.000000, 1.000000, 1.000000, 1.000000, 1.000000, 1.000000, 1.000000, 1.000000]
}