{
"InputOffset": [0.523862, 0.519669, 0.518970, 0.517173, 0.516573, 0.518970, 0.514577, 0.512780, 0.513179, 0.509185, 0.507488, 0.507488, 0.504593, 0.502496, 0.500200, 0.505691, 0.509185, 0.505491, 0.509185, 0.510883, 0.512181, 0.518470, 0.518271, 0.517073, 0.513478, 0.508586, 0.512780, 0.511182, 0.515176, 0.519868, 0.517372, 0.518670, 0.517971, 0.523163, 0.525759, 0.524760, 0.523063, 0.518670, 0.516873, 0.518171, 0.518071, 0.516374, 0.512879, 0.519569, 0.519968, 0.521466, 0.516873, 0.513978, 0.514177, 0.510184, 0.511581, 0.508886, 0.507488, 0.510883, 0.513079, 0.509485, 0.509485, 0.509784, 0.510383, 0.508586, 0.510483, 0.515974, 0.515375, 0.513878, 0.515375, 0.516873, 0.517472, 0.518271, 0.521965, 0.524960, 0.525160, 0.523063, 0.518371, 0.514776, 0.515276, 0.516374, 0.511182, 0.507488, 0.509385, 0.511382, 0.508886, 0.508586, 0.506290, 0.505292, 0.506490, 0.506689, 0.508586, 0.506490, 0.509685, 0.510583, 0.507188, 0.509585, 0.515176, 0.519569, 0.524661, 0.524860, 0.521665, 0.517073, 0.518171, 0.521466],
"InputScale": [2.002181, 2.001449, 2.001341, 2.001081, 2.001000, 2.001341, 2.000751, 2.000554, 2.000595, 2.000238, 2.000124, 2.000124, 1.999985, 1.999925, 1.999900, 2.000030, 2.000238, 2.000021, 2.000238, 2.000374, 2.000494, 2.001266, 2.001237, 2.001067, 2.000627, 2.000195, 2.000554, 2.000400, 2.000822, 2.001481, 2.001108, 2.001296, 2.001193, 2.002050, 2.002559, 2.002357, 2.002031, 2.001296, 2.001040, 2.001222, 2.001208, 2.000973, 2.000564, 2.001434, 2.001497, 2.001746, 2.001040, 2.000682, 2.000705, 2.000315, 2.000437, 2.000216, 2.000124, 2.000374, 2.000585, 2.000260, 2.000260, 2.000283, 2.000332, 2.000195, 2.000340, 2.000922, 2.000846, 2.000671, 2.000846, 2.001040, 2.001122, 2.001237, 2.001833, 2.002397, 2.002437, 2.002031, 2.001251, 2.000774, 2.000834, 2.000973, 2.000400, 2.000124, 2.000253, 2.000419, 2.000216, 2.000195, 2.000058, 2.000012, 2.000069, 2.000079, 2.000195, 2.000069, 2.000275, 2.000348, 2.000107, 2.000268, 2.000822, 2.001434, 2.002337, 2.002377, 2.001780, 2.001067, 2.001222, 2.001746],
"OutputOffset": [-0.500000, -0.500000, -0.500000, -0.500000, -0.500000, -0.500000, -0.500000, -0.500000],
"OutputScale": [2.000000, 2.000000, 2.000000, 2.000000, 2.000000, 2.000000, 2.000000, 2.000000]
}