{
"InputOffset": [0.516573, 0.517272, 0.515575, 0.518271, 0.516174, 0.516773, 0.515675, 0.514776, 0.511282, 0.508087, 0.505891, 0.508287, 0.509285, 0.508387, 0.501697, 0.504193, 0.510084, 0.510683, 0.506190, 0.512380, 0.515276, 0.510583, 0.508387, 0.504493, 0.501198, 0.501398, 0.500799, 0.503295, 0.504792, 0.503694, 0.502796, 0.503894, 0.509385, 0.509984, 0.512979, 0.516673, 0.518271, 0.521665, 0.521066, 0.523762, 0.520068, 0.516474, 0.513279, 0.513978, 0.513478, 0.513079, 0.513878, 0.511881, 0.511382, 0.510982, 0.507987, 0.510284, 0.509984, 0.508686, 0.511282, 0.507488, 0.502496, 0.495607, 0.496406, 0.503095, 0.502696, 0.501597, 0.500799, 0.501597, 0.501098, 0.502496, 0.507388, 0.510184, 0.513578, 0.513878, 0.515675, 0.520367, 0.519469, 0.520467, 0.518071, 0.517173, 0.515875, 0.512480, 0.511182, 0.508886, 0.506889, 0.509585, 0.507588, 0.504892, 0.504593, 0.510284, 0.509085, 0.507987, 0.508886, 0.508586, 0.505990, 0.506390, 0.508786, 0.504293, 0.507688, 0.505891, 0.505391, 0.504093, 0.504792, 0.506689, 0.000000, 0.000000, 0.000000, 0.000000, 0.000000, 0.000000, 0.000000, 0.000000, 0.000000, 0.000000, 0.000000, 0.000000, 0.000000, 0.000000, 0.000000, 0.000000],
"InputScale": [2.001100, 2.001194, 2.000971, 2.001337, 2.001047, 2.001126, 2.000984, 2.000874, 2.000509, 2.000262, 2.000139, 2.000275, 2.000345, 2.000281, 2.000012, 2.000070, 2.000407, 2.000457, 2.000153, 2.000613, 2.000934, 2.000448, 2.000281, 2.000081, 2.000006, 2.000008, 2.000003, 2.000043, 2.000092, 2.000055, 2.000031, 2.000061, 2.000352, 2.000399, 2.000674, 2.001113, 2.001337, 2.001880, 2.001778, 2.002262, 2.001613, 2.001086, 2.000706, 2.000782, 2.000727, 2.000685, 2.000771, 2.000565, 2.000518, 2.000483, 2.000255, 2.000423, 2.000399, 2.000302, 2.000509, 2.000224, 2.000025, 2.000077, 2.000052, 2.000038, 2.000029, 2.000010, 2.000003, 2.000010, 2.000005, 2.000025, 2.000218, 2.000415, 2.000738, 2.000771, 2.000984, 2.001661, 2.001518, 2.001678, 2.001308, 2.001181, 2.001009, 2.000623, 2.000500, 2.000316, 2.000190, 2.000368, 2.000230, 2.000096, 2.000084, 2.000423, 2.000330, 2.000255, 2.000316, 2.000295, 2.000144, 2.000163, 2.000309, 2.000074, 2.000236, 2.000139, 2.000116, 2.000067, 2.000092, 2.000179, 1.000000, 1.000000, 1.000000, 1.000000, 1.000000, 1.000000, 1.000000, 1.000000, 1.000000, 1.000000, 1.000000, 1.000000, 1.000000, 1.000000, 1.000000, 1.000000],
"OutputOffset": [-1.300000, 0.000000, 0.000000, 0.000000, 0.000000, 0.000000, 0.000000, 0.000000, 0.000000, 0.000000, 0.000000, 0.000000, 0.000000, 0.000000, 0.000000, 0.000000, 0.000000],
"OutputScale": [0.833333, 1.000000, 1.000000, 1.000000, 1.000000, 1.000000, 1.000000, 1.000000, 1.000000, 1.000000, 1.000000, 1.000000, 1.000000, 1.000000, 1.000000, 1.000000, 1.000000]
}