{
"InputOffset": [0.496705, 0.494309, 0.493411, 0.491613, 0.489916, 0.495707, 0.497504, 0.497304, 0.496406, 0.499002, 0.499800, 0.502496, 0.504293, 0.505791, 0.506889, 0.507288, 0.509285, 0.513379, 0.520867, 0.524960, 0.524561, 0.529054, 0.529952, 0.527855, 0.526358, 0.524860, 0.523363, 0.522764, 0.520767, 0.516973, 0.521066, 0.520168, 0.517472, 0.514277, 0.510084, 0.507688, 0.509784, 0.510883, 0.505691, 0.508486, 0.505891, 0.503694, 0.503494, 0.506390, 0.505092, 0.503195, 0.500300, 0.502097, 0.503994, 0.503195, 0.503994, 0.503794, 0.501398, 0.500799, 0.503395, 0.504193, 0.506490, 0.504493, 0.505292, 0.510284, 0.509984, 0.505791, 0.505292, 0.505791, 0.508087, 0.510483, 0.509784, 0.509185, 0.509685, 0.508686, 0.508287, 0.510284, 0.508486, 0.504293, 0.504193, 0.503395, 0.505192, 0.506290, 0.506490, 0.503894, 0.502396, 0.504193, 0.507887, 0.509984, 0.513179, 0.514477, 0.515675, 0.518670, 0.516773, 0.512081, 0.512081, 0.514277, 0.515276, 0.511781, 0.510383, 0.511681, 0.513279, 0.509784, 0.509784, 0.512879, -1.300000],
"InputScale": [1.999944, 2.000030, 2.000074, 2.000182, 2.000307, 1.999974, 1.999925, 1.999929, 1.999952, 1.999904, 1.999900, 1.999925, 1.999974, 2.000034, 2.000090, 2.000113, 2.000245, 2.000616, 2.001644, 2.002397, 2.002317, 2.003285, 2.003498, 2.003011, 2.002685, 2.002377, 2.002087, 2.001976, 2.001627, 2.001053, 2.001678, 2.001529, 2.001122, 2.000716, 2.000307, 2.000137, 2.000283, 2.000374, 2.000030, 2.000188, 2.000039, 1.999955, 1.999949, 2.000063, 2.000004, 1.999941, 1.999901, 1.999918, 1.999964, 1.999941, 1.999964, 1.999958, 1.999908, 1.999903, 1.999946, 1.999970, 2.000069, 1.999981, 2.000012, 2.000323, 2.000299, 2.000034, 2.000012, 2.000034, 2.000162, 2.000340, 2.000283, 2.000238, 2.000275, 2.000202, 2.000175, 2.000323, 2.000188, 1.999974, 1.999970, 1.999946, 2.000008, 2.000058, 2.000069, 1.999961, 1.999923, 1.999970, 2.000149, 2.000299, 2.000595, 2.000739, 2.000884, 2.001296, 2.001026, 2.000484, 2.000484, 2.000716, 2.000834, 2.000456, 2.000332, 2.000446, 2.000606, 2.000283, 2.000283, 2.000564, 0.833333],
"OutputOffset": [-0.500000],
"OutputScale": [2.000000]
}