{
"InputOffset": [0.512580, 0.505691, 0.498602, 0.487420, 0.477636, 0.462161, 0.454772, 0.454673, 0.457568, 0.464557, 0.475240, 0.485723, 0.498203, 0.510084, 0.518870, 0.520068, 0.522264, 0.523363, 0.520567, 0.520667, 0.523363, 0.523662, 0.522764, 0.528754, 0.531949, 0.534545, 0.536242, 0.534844, 0.531250, 0.523163, 0.516873, 0.511482, 0.506689, 0.499002, 0.497204, 0.495008, 0.497604, 0.505292, 0.513978, 0.518371, 0.522664, 0.527456, 0.534145, 0.530152, 0.524661, 0.519968, 0.512380, 0.501797, 0.492312, 0.488718, 0.492113, 0.496705, 0.501198, 0.510184, 0.516773, 0.521366, 0.524561, 0.518670, 0.515575, 0.512979, 0.509585, 0.503395, 0.495907, 0.492512, 0.490216, 0.490615, 0.493211, 0.501298, 0.509884, 0.512280, 0.522464, 0.524661, 0.527456, 0.528554, 0.529653, 0.530751, 0.536941, 0.539936, 0.541234, 0.541733, 0.538239, 0.537640, 0.542831, 0.539337, 0.533347, 0.527157, 0.518870, 0.515974, 0.514677, 0.509884, 0.507987, 0.504593, 0.501298, 0.499301, 0.498203, 0.498303, 0.496705, 0.496406, 0.498602, 0.497105, 0.000000, 0.000000, 0.000000, 0.000000, 0.000000, 0.000000, 0.000000, 0.000000, 0.000000, 0.000000, 0.000000, 0.000000, 0.000000, 0.000000, 0.000000, 0.000000],
"InputScale": [2.000633, 2.000130, 2.000008, 2.000633, 2.002004, 2.005752, 2.008233, 2.008269, 2.007241, 2.005044, 2.002457, 2.000816, 2.000013, 2.000407, 2.001426, 2.001613, 2.001986, 2.002187, 2.001694, 2.001711, 2.002187, 2.002243, 2.002076, 2.003315, 2.004095, 2.004791, 2.005275, 2.004874, 2.003918, 2.002150, 2.001140, 2.000528, 2.000179, 2.000004, 2.000031, 2.000100, 2.000023, 2.000112, 2.000782, 2.001351, 2.002058, 2.003022, 2.004680, 2.003646, 2.002437, 2.001597, 2.000613, 2.000013, 2.000236, 2.000509, 2.000249, 2.000043, 2.000006, 2.000415, 2.001126, 2.001828, 2.002417, 2.001396, 2.000971, 2.000674, 2.000368, 2.000046, 2.000067, 2.000224, 2.000383, 2.000352, 2.000184, 2.000007, 2.000391, 2.000604, 2.002022, 2.002437, 2.003022, 2.003269, 2.003526, 2.003793, 2.005481, 2.006410, 2.006836, 2.007003, 2.005875, 2.005691, 2.007379, 2.006218, 2.004463, 2.002956, 2.001426, 2.001022, 2.000862, 2.000391, 2.000255, 2.000084, 2.000007, 2.000002, 2.000013, 2.000012, 2.000043, 2.000052, 2.000008, 2.000034, 1.000000, 1.000000, 1.000000, 1.000000, 1.000000, 1.000000, 1.000000, 1.000000, 1.000000, 1.000000, 1.000000, 1.000000, 1.000000, 1.000000, 1.000000, 1.000000],
"OutputOffset": [-1.300000, 0.000000, 0.000000, 0.000000, 0.000000, 0.000000, 0.000000, 0.000000, 0.000000, 0.000000, 0.000000, 0.000000, 0.000000, 0.000000, 0.000000, 0.000000, 0.000000],
"OutputScale": [0.833333, 1.000000, 1.000000, 1.000000, 1.000000, 1.000000, 1.000000, 1.000000, 1.000000, 1.000000, 1.000000, 1.000000, 1.000000, 1.000000, 1.000000, 1.000000, 1.000000]
}