{
"InputOffset": [0.507588, 0.507588, 0.507987, 0.512181, 0.513878, 0.511881, 0.514677, 0.518470, 0.522165, 0.521166, 0.522165, 0.520268, 0.517871, 0.516474, 0.512280, 0.505791, 0.504093, 0.501098, 0.499201, 0.497005, 0.493610, 0.497304, 0.501098, 0.498502, 0.501498, 0.501098, 0.501997, 0.505092, 0.507388, 0.513978, 0.513279, 0.511881, 0.510184, 0.504792, 0.503594, 0.501198, 0.503095, 0.500399, 0.501797, 0.504892, 0.505691, 0.507488, 0.510184, 0.518071, 0.520767, 0.522863, 0.517572, 0.523363, 0.523363, 0.517772, 0.512480, 0.507688, 0.504193, 0.499601, 0.499301, 0.498403, 0.501897, 0.500699, 0.500100, 0.504093, 0.506689, 0.509085, 0.506989, 0.507987, 0.510982, 0.504792, 0.504393, 0.501198, 0.502796, 0.507388, 0.506290, 0.511182, 0.512081, 0.510683, 0.509285, 0.513379, 0.514577, 0.511681, 0.510883, 0.513878, 0.517472, 0.519469, 0.515675, 0.507188, 0.505990, 0.506689, 0.509285, 0.507887, 0.506090, 0.506589, 0.504393, 0.507987, 0.511282, 0.510883, 0.512879, 0.508486, 0.505391, 0.505591, 0.505092, 0.504593, 0.000000, 0.000000, 0.000000, 0.000000, 0.000000, 0.000000, 0.000000, 0.000000, 0.000000, 0.000000, 0.000000, 0.000000, 0.000000, 0.000000, 0.000000, 0.000000],
"InputScale": [2.000230, 2.000230, 2.000255, 2.000594, 2.000771, 2.000565, 2.000862, 2.001366, 2.001968, 2.001794, 2.001968, 2.001645, 2.001279, 2.001086, 2.000604, 2.000134, 2.000067, 2.000005, 2.000003, 2.000036, 2.000163, 2.000029, 2.000005, 2.000009, 2.000009, 2.000005, 2.000016, 2.000104, 2.000218, 2.000782, 2.000706, 2.000565, 2.000415, 2.000092, 2.000052, 2.000006, 2.000038, 2.000001, 2.000013, 2.000096, 2.000130, 2.000224, 2.000415, 2.001308, 2.001727, 2.002094, 2.001236, 2.002187, 2.002187, 2.001265, 2.000623, 2.000236, 2.000070, 2.000001, 2.000002, 2.000010, 2.000014, 2.000002, 2.000000, 2.000067, 2.000179, 2.000330, 2.000195, 2.000255, 2.000483, 2.000092, 2.000077, 2.000006, 2.000031, 2.000218, 2.000158, 2.000500, 2.000584, 2.000457, 2.000345, 2.000716, 2.000850, 2.000546, 2.000474, 2.000771, 2.001222, 2.001518, 2.000984, 2.000207, 2.000144, 2.000179, 2.000345, 2.000249, 2.000148, 2.000174, 2.000077, 2.000255, 2.000509, 2.000474, 2.000664, 2.000288, 2.000116, 2.000125, 2.000104, 2.000084, 1.000000, 1.000000, 1.000000, 1.000000, 1.000000, 1.000000, 1.000000, 1.000000, 1.000000, 1.000000, 1.000000, 1.000000, 1.000000, 1.000000, 1.000000, 1.000000],
"OutputOffset": [-1.300000, 0.000000, 0.000000, 0.000000, 0.000000, 0.000000, 0.000000, 0.000000, 0.000000, 0.000000, 0.000000, 0.000000, 0.000000, 0.000000, 0.000000, 0.000000, 0.000000],
"OutputScale": [0.833333, 1.000000, 1.000000, 1.000000, 1.000000, 1.000000, 1.000000, 1.000000, 1.000000, 1.000000, 1.000000, 1.000000, 1.000000, 1.000000, 1.000000, 1.000000, 1.000000]
}