{
"InputOffset": [0.501797, 0.503494, 0.504393, 0.502097, 0.502796, 0.506689, 0.507788, 0.510084, 0.510483, 0.509485, 0.513578, 0.512181, 0.514976, 0.512879, 0.509185, 0.511681, 0.511681, 0.510084, 0.514277, 0.507188, 0.506689, 0.504393, 0.502995, 0.505391, 0.505891, 0.509185, 0.508087, 0.506290, 0.506390, 0.508486, 0.509085, 0.506190, 0.506989, 0.506190, 0.506290, 0.505691, 0.505990, 0.508287, 0.507388, 0.508486, 0.515475, 0.517971, 0.518570, 0.520367, 0.517572, 0.513878, 0.511781, 0.510084, 0.509385, 0.505791, 0.501797, 0.500000, 0.498502, 0.498103, 0.494808, 0.492712, 0.493111, 0.491713, 0.493810, 0.494908, 0.498303, 0.507388, 0.503395, 0.501597, 0.499700, 0.504393, 0.504892, 0.503295, 0.507788, 0.510184, 0.512879, 0.514677, 0.517572, 0.516973, 0.522264, 0.521266, 0.520168, 0.519768, 0.519069, 0.517871, 0.516773, 0.515176, 0.513978, 0.514876, 0.513478, 0.510783, 0.506789, 0.504093, 0.503095, 0.507288, 0.506589, 0.505990, 0.505591, 0.505292, 0.505192, 0.500499, 0.501897, 0.502796, 0.499700, 0.500799],
"InputScale": [2.000013, 2.000049, 2.000077, 2.000018, 2.000031, 2.000179, 2.000243, 2.000407, 2.000440, 2.000360, 2.000738, 2.000594, 2.000898, 2.000664, 2.000338, 2.000546, 2.000546, 2.000407, 2.000816, 2.000207, 2.000179, 2.000077, 2.000036, 2.000116, 2.000139, 2.000338, 2.000262, 2.000158, 2.000163, 2.000288, 2.000330, 2.000153, 2.000195, 2.000153, 2.000158, 2.000130, 2.000144, 2.000275, 2.000218, 2.000288, 2.000959, 2.001293, 2.001381, 2.001661, 2.001236, 2.000771, 2.000555, 2.000407, 2.000352, 2.000134, 2.000013, 2.000000, 2.000009, 2.000014, 2.000108, 2.000213, 2.000190, 2.000275, 2.000153, 2.000104, 2.000012, 2.000218, 2.000046, 2.000010, 2.000000, 2.000077, 2.000096, 2.000043, 2.000243, 2.000415, 2.000664, 2.000862, 2.001236, 2.001153, 2.001986, 2.001811, 2.001629, 2.001565, 2.001456, 2.001279, 2.001126, 2.000922, 2.000782, 2.000886, 2.000727, 2.000465, 2.000184, 2.000067, 2.000038, 2.000213, 2.000174, 2.000144, 2.000125, 2.000112, 2.000108, 2.000001, 2.000014, 2.000031, 2.000000, 2.000003],
"OutputOffset": [-1.300000],
"OutputScale": [0.833333]
}