{
"InputOffset": [0.468450, 0.458367, 0.454473, 0.449181, 0.446585, 0.448882, 0.451777, 0.459265, 0.466853, 0.473343, 0.479932, 0.493411, 0.509485, 0.524461, 0.541234, 0.555611, 0.565495, 0.575779, 0.587660, 0.590056, 0.590355, 0.585863, 0.576278, 0.562101, 0.545028, 0.521865, 0.504493, 0.490016, 0.472045, 0.454373, 0.446186, 0.443690, 0.444189, 0.453874, 0.456669, 0.460363, 0.469549, 0.475639, 0.486222, 0.495707, 0.500998, 0.504692, 0.506989, 0.507788, 0.508986, 0.517272, 0.525359, 0.528954, 0.534046, 0.539936, 0.543830, 0.542332, 0.542532, 0.542332, 0.536042, 0.529952, 0.522664, 0.518870, 0.509185, 0.501897, 0.489117, 0.479932, 0.477336, 0.473143, 0.471945, 0.476737, 0.481629, 0.489217, 0.494908, 0.505990, 0.511581, 0.518770, 0.526358, 0.536641, 0.541534, 0.544728, 0.548522, 0.544928, 0.546426, 0.547823, 0.543031, 0.537740, 0.534944, 0.530152, 0.523762, 0.520767, 0.518470, 0.513079, 0.509485, 0.502296, 0.503494, 0.497504, 0.497204, 0.496805, 0.495507, 0.493510, 0.493311, 0.491913, 0.491613, 0.492113],
"InputScale": [2.003993, 2.006970, 2.008343, 2.010411, 2.011511, 2.010535, 2.009367, 2.006671, 2.004409, 2.002849, 2.001613, 2.000174, 2.000360, 2.002398, 2.006836, 2.012486, 2.017383, 2.023373, 2.031464, 2.033252, 2.033479, 2.030158, 2.023688, 2.015607, 2.008160, 2.001915, 2.000081, 2.000399, 2.003133, 2.008380, 2.011685, 2.012805, 2.012577, 2.008565, 2.007553, 2.006314, 2.003719, 2.002378, 2.000760, 2.000074, 2.000004, 2.000088, 2.000195, 2.000243, 2.000323, 2.001194, 2.002577, 2.003362, 2.004653, 2.006410, 2.007729, 2.007207, 2.007275, 2.007207, 2.005217, 2.003598, 2.002058, 2.001426, 2.000338, 2.000014, 2.000474, 2.001613, 2.002058, 2.002891, 2.003156, 2.002168, 2.001351, 2.000465, 2.000104, 2.000144, 2.000537, 2.001411, 2.002785, 2.005392, 2.006936, 2.008051, 2.009485, 2.008123, 2.008678, 2.009212, 2.007448, 2.005722, 2.004902, 2.003646, 2.002262, 2.001727, 2.001366, 2.000685, 2.000360, 2.000021, 2.000049, 2.000025, 2.000031, 2.000041, 2.000081, 2.000168, 2.000179, 2.000262, 2.000281, 2.000249],
"OutputOffset": [-1.300000],
"OutputScale": [0.833333]
}