{
"InputOffset": [0.505591, 0.505292, 0.504892, 0.503295, 0.502396, 0.501498, 0.501198, 0.504393, 0.500599, 0.503195, 0.503095, 0.501897, 0.502496, 0.505591, 0.504393, 0.509585, 0.510583, 0.511781, 0.513878, 0.516174, 0.521765, 0.522564, 0.527256, 0.527256, 0.526358, 0.525060, 0.521066, 0.515875, 0.518171, 0.518271, 0.519069, 0.514077, 0.513878, 0.515475, 0.514277, 0.514577, 0.510084, 0.512580, 0.511482, 0.506689, 0.504992, 0.505691, 0.510184, 0.508387, 0.507887, 0.509385, 0.510383, 0.513179, 0.505791, 0.501298, 0.500300, 0.498003, 0.498502, 0.500000, 0.501498, 0.504892, 0.509385, 0.507488, 0.509185, 0.506490, 0.506490, 0.504692, 0.503195, 0.506090, 0.505990, 0.510483, 0.510982, 0.509085, 0.509185, 0.506689, 0.506689, 0.509385, 0.510184, 0.510284, 0.512680, 0.509984, 0.509984, 0.511082, 0.508486, 0.506390, 0.505491, 0.508287, 0.508486, 0.510583, 0.511781, 0.512580, 0.516074, 0.520867, 0.520367, 0.520567, 0.515475, 0.514976, 0.512979, 0.512879, 0.512680, 0.512580, 0.510184, 0.510184, 0.514776, 0.511482],
"InputScale": [2.000025, 2.000012, 1.999996, 1.999944, 1.999923, 1.999909, 1.999906, 1.999977, 1.999902, 1.999941, 1.999938, 1.999915, 1.999925, 2.000025, 1.999977, 2.000268, 2.000348, 2.000456, 2.000671, 2.000947, 2.001798, 2.001940, 2.002878, 2.002878, 2.002685, 2.002417, 2.001678, 2.000909, 2.001222, 2.001237, 2.001356, 2.000693, 2.000671, 2.000859, 2.000716, 2.000751, 2.000307, 2.000533, 2.000428, 2.000079, 2.000000, 2.000030, 2.000315, 2.000182, 2.000149, 2.000253, 2.000332, 2.000595, 2.000034, 1.999907, 1.999901, 1.999916, 1.999909, 1.999900, 1.999909, 1.999996, 2.000253, 2.000124, 2.000238, 2.000069, 2.000069, 1.999988, 1.999941, 2.000049, 2.000044, 2.000340, 2.000383, 2.000230, 2.000238, 2.000079, 2.000079, 2.000253, 2.000315, 2.000323, 2.000544, 2.000299, 2.000299, 2.000392, 2.000188, 2.000063, 2.000021, 2.000175, 2.000188, 2.000348, 2.000456, 2.000533, 2.000934, 2.001644, 2.001561, 2.001594, 2.000859, 2.000798, 2.000574, 2.000564, 2.000544, 2.000533, 2.000315, 2.000315, 2.000774, 2.000428],
"OutputOffset": [-0.500000],
"OutputScale": [2.000000]
}