{
"InputOffset": [0.414063, 0.390625, 0.421875, 0.421875, 0.421875, 0.445313, 0.453125, 0.445313, 0.468750, 0.484375, 0.460938, 0.460938, 0.445313, 0.453125, 0.437500, 0.414063, 0.445313, 0.453125, 0.476563, 0.476563, 0.468750, 0.460938, 0.429688, 0.437500, 0.421875, 0.414063, 0.414063, 0.437500, 0.429688, 0.421875, 0.437500, 0.468750, 0.500000, 0.500000, 0.476563, 0.460938, 0.421875, 0.398438, 0.406250, 0.437500, 0.437500, 0.437500, 0.460938, 0.445313, 0.421875, 0.390625, 0.437500, 0.453125, 0.484375, 0.476563, 0.515625, 0.500000, 0.515625, 0.531250, 0.562500, 0.570313, 0.585938, 0.562500, 0.562500, 0.523438, 0.515625, 0.484375, 0.484375, 0.484375, 0.453125, 0.437500, 0.429688, 0.460938, 0.468750, 0.437500, 0.445313, 0.453125, 0.437500, 0.476563, 0.476563, 0.468750, 0.476563, 0.500000, 0.515625, 0.523438, 0.523438, 0.507813, 0.515625, 0.515625, 0.539063, 0.507813, 0.500000, 0.507813, 0.546875, 0.523438, 0.507813, 0.492188, 0.500000, 0.500000, 0.468750, 0.476563, 0.460938, 0.429688, 0.429688, 0.414063],
"InputScale": [2.022266, 2.041618, 2.016945, 2.016945, 2.016945, 2.004196, 2.000985, 2.004196, 1.996075, 1.993146, 1.998280, 1.998280, 2.004196, 2.000985, 2.007921, 2.022266, 2.004196, 2.000985, 1.994364, 1.994364, 1.996075, 1.998280, 2.012167, 2.007921, 2.016945, 2.022266, 2.022266, 2.007921, 2.012167, 2.016945, 2.007921, 1.996075, 1.992172, 1.992172, 1.994364, 1.998280, 2.016945, 2.034588, 2.028142, 2.007921, 2.007921, 2.007921, 1.998280, 2.004196, 2.016945, 2.041618, 2.007921, 2.000985, 1.993146, 1.994364, 1.993146, 1.992172, 1.993146, 1.996075, 2.007921, 2.012167, 2.022266, 2.007921, 2.007921, 1.994364, 1.993146, 1.993146, 1.993146, 1.993146, 2.000985, 2.007921, 2.012167, 1.998280, 1.996075, 2.007921, 2.004196, 2.000985, 2.007921, 1.994364, 1.994364, 1.996075, 1.994364, 1.992172, 1.993146, 1.994364, 1.994364, 1.992415, 1.993146, 1.993146, 1.998280, 1.992415, 1.992172, 1.992415, 2.000985, 1.994364, 1.992415, 1.992415, 1.992172, 1.992172, 1.996075, 1.994364, 1.998280, 2.012167, 2.012167, 2.022266],
"OutputOffset": [-1.300000, -1.300000],
"OutputScale": [0.833333, 0.833333]
}