{
"InputOffset": [0.522664, 0.524161, 0.527356, 0.526358, 0.525559, 0.528854, 0.521266, 0.521166, 0.519369, 0.513179, 0.506190, 0.502796, 0.503195, 0.502396, 0.499401, 0.501997, 0.499900, 0.497604, 0.497504, 0.495308, 0.494409, 0.494708, 0.499101, 0.502496, 0.506190, 0.507188, 0.505791, 0.511282, 0.517073, 0.518371, 0.518371, 0.520767, 0.524361, 0.523163, 0.528355, 0.532748, 0.530451, 0.526657, 0.523762, 0.517672, 0.516074, 0.511382, 0.508686, 0.509485, 0.511981, 0.511781, 0.511182, 0.508986, 0.506889, 0.501597, 0.499800, 0.495907, 0.498502, 0.495208, 0.493710, 0.491114, 0.496006, 0.495707, 0.498902, 0.506090, 0.509085, 0.516074, 0.519669, 0.520966, 0.521166, 0.518171, 0.515375, 0.513978, 0.514377, 0.513279, 0.514477, 0.516274, 0.521166, 0.522564, 0.523363, 0.527855, 0.530351, 0.525859, 0.526058, 0.523363, 0.520867, 0.514477, 0.509884, 0.509185, 0.505791, 0.504593, 0.505990, 0.508786, 0.509884, 0.510483, 0.510483, 0.512580, 0.511282, 0.508387, 0.507188, 0.506190, 0.507588, 0.505192, 0.503295, 0.504093],
"InputScale": [2.001958, 2.002239, 2.002900, 2.002685, 2.002518, 2.003239, 2.001711, 2.001695, 2.001402, 2.000595, 2.000053, 1.999931, 1.999941, 1.999923, 1.999902, 1.999916, 1.999900, 1.999923, 1.999925, 1.999988, 2.000025, 2.000012, 1.999903, 1.999925, 2.000053, 2.000107, 2.000034, 2.000409, 2.001067, 2.001251, 2.001251, 2.001627, 2.002278, 2.002050, 2.003124, 2.004203, 2.003619, 2.002749, 2.002162, 2.001150, 2.000934, 2.000419, 2.000202, 2.000260, 2.000475, 2.000456, 2.000400, 2.000223, 2.000090, 1.999910, 1.999900, 1.999967, 1.999909, 1.999992, 2.000058, 2.000216, 1.999964, 1.999974, 1.999905, 2.000049, 2.000230, 2.000934, 2.001449, 2.001661, 2.001695, 2.001222, 2.000846, 2.000682, 2.000727, 2.000606, 2.000739, 2.000960, 2.001695, 2.001940, 2.002087, 2.003011, 2.003595, 2.002580, 2.002622, 2.002087, 2.001644, 2.000739, 2.000291, 2.000238, 2.000034, 1.999985, 2.000044, 2.000209, 2.000291, 2.000340, 2.000340, 2.000533, 2.000409, 2.000182, 2.000107, 2.000053, 2.000130, 2.000008, 1.999944, 1.999967],
"OutputOffset": [-0.500000, -0.500000, -0.500000, -0.500000, -1.300000, -1.300000, -1.300000, -1.300000],
"OutputScale": [2.000000, 2.000000, 2.000000, 2.000000, 0.833333, 0.833333, 0.833333, 0.833333]
}