{
"InputOffset": [0.505292, 0.505292, 0.501098, 0.499501, 0.499301, 0.497903, 0.499501, 0.499101, 0.499601, 0.502895, 0.502396, 0.507987, 0.510483, 0.511881, 0.510783, 0.513578, 0.517372, 0.521565, 0.521965, 0.524361, 0.521965, 0.520767, 0.518770, 0.520068, 0.519768, 0.521366, 0.523662, 0.520567, 0.519868, 0.515875, 0.516573, 0.517372, 0.514876, 0.511681, 0.510184, 0.507887, 0.508686, 0.508686, 0.510184, 0.511981, 0.510783, 0.511781, 0.516274, 0.515675, 0.511581, 0.515575, 0.513079, 0.505891, 0.502097, 0.495807, 0.498802, 0.499601, 0.500399, 0.506689, 0.504692, 0.508586, 0.507188, 0.509485, 0.509984, 0.512680, 0.510184, 0.510683, 0.504493, 0.503994, 0.505292, 0.508287, 0.505691, 0.505092, 0.508187, 0.513478, 0.509285, 0.509784, 0.502396, 0.507588, 0.508187, 0.508886, 0.506589, 0.511482, 0.512280, 0.512480, 0.510883, 0.514876, 0.514177, 0.512780, 0.512480, 0.510982, 0.510982, 0.514577, 0.515875, 0.512280, 0.512081, 0.509585, 0.510683, 0.510783, 0.509385, 0.512680, 0.510383, 0.515276, 0.518970, 0.515675, -1.300000],
"InputScale": [2.000012, 2.000012, 1.999905, 1.999901, 1.999902, 1.999918, 1.999901, 1.999903, 1.999901, 1.999934, 1.999923, 2.000155, 2.000340, 2.000465, 2.000365, 2.000638, 2.001108, 2.001763, 2.001833, 2.002278, 2.001833, 2.001627, 2.001311, 2.001513, 2.001465, 2.001729, 2.002143, 2.001594, 2.001481, 2.000909, 2.001000, 2.001108, 2.000786, 2.000446, 2.000315, 2.000149, 2.000202, 2.000202, 2.000315, 2.000475, 2.000365, 2.000456, 2.000960, 2.000884, 2.000437, 2.000871, 2.000585, 2.000039, 1.999918, 1.999970, 1.999906, 1.999901, 1.999901, 2.000079, 1.999988, 2.000195, 2.000107, 2.000260, 2.000299, 2.000544, 2.000315, 2.000357, 1.999981, 1.999964, 2.000012, 2.000175, 2.000030, 2.000004, 2.000168, 2.000627, 2.000245, 2.000283, 1.999923, 2.000130, 2.000168, 2.000216, 2.000074, 2.000428, 2.000504, 2.000523, 2.000374, 2.000786, 2.000705, 2.000554, 2.000523, 2.000383, 2.000383, 2.000751, 2.000909, 2.000504, 2.000484, 2.000268, 2.000357, 2.000365, 2.000253, 2.000544, 2.000332, 2.000834, 2.001341, 2.000884, 0.833333],
"OutputOffset": [-0.500000],
"OutputScale": [2.000000]
}