{
"InputOffset": [0.518371, 0.510683, 0.505591, 0.508786, 0.505192, 0.502895, 0.504892, 0.509085, 0.510483, 0.510683, 0.513079, 0.506789, 0.505990, 0.508886, 0.508986, 0.507388, 0.503894, 0.506490, 0.501597, 0.505691, 0.505591, 0.504593, 0.505192, 0.507089, 0.513379, 0.516673, 0.519269, 0.524261, 0.525659, 0.528155, 0.528754, 0.526657, 0.521865, 0.520966, 0.520667, 0.518071, 0.514277, 0.509485, 0.509385, 0.502796, 0.500799, 0.497804, 0.496206, 0.503095, 0.504493, 0.507089, 0.510883, 0.516973, 0.515176, 0.514876, 0.514677, 0.510883, 0.514876, 0.518470, 0.521366, 0.517871, 0.518171, 0.519868, 0.520268, 0.517772, 0.512280, 0.510683, 0.514776, 0.514377, 0.513778, 0.514477, 0.516174, 0.516274, 0.514677, 0.510483, 0.507987, 0.504193, 0.500399, 0.498303, 0.499501, 0.501298, 0.503694, 0.502895, 0.505591, 0.508886, 0.509285, 0.512580, 0.513478, 0.512780, 0.506689, 0.508287, 0.520068, 0.519669, 0.519269, 0.518371, 0.521665, 0.518171, 0.513379, 0.513778, 0.513678, 0.517572, 0.515176, 0.516374, 0.513878, 0.515575, 0.000000, 0.000000, 0.000000, 0.000000, 0.000000, 0.000000, 0.000000, 0.000000, 0.000000, 0.000000, 0.000000, 0.000000, 0.000000, 0.000000, 0.000000, 0.000000],
"InputScale": [2.001351, 2.000457, 2.000125, 2.000309, 2.000108, 2.000034, 2.000096, 2.000330, 2.000440, 2.000457, 2.000685, 2.000184, 2.000144, 2.000316, 2.000323, 2.000218, 2.000061, 2.000168, 2.000010, 2.000130, 2.000125, 2.000084, 2.000108, 2.000201, 2.000716, 2.001113, 2.001487, 2.002359, 2.002639, 2.003178, 2.003315, 2.002849, 2.001915, 2.001761, 2.001711, 2.001308, 2.000816, 2.000360, 2.000352, 2.000031, 2.000003, 2.000019, 2.000058, 2.000038, 2.000081, 2.000201, 2.000474, 2.001153, 2.000922, 2.000886, 2.000862, 2.000474, 2.000886, 2.001366, 2.001828, 2.001279, 2.001322, 2.001581, 2.001645, 2.001265, 2.000604, 2.000457, 2.000874, 2.000827, 2.000760, 2.000839, 2.001047, 2.001060, 2.000862, 2.000440, 2.000255, 2.000070, 2.000001, 2.000012, 2.000001, 2.000007, 2.000055, 2.000034, 2.000125, 2.000316, 2.000345, 2.000633, 2.000727, 2.000654, 2.000179, 2.000275, 2.001613, 2.001549, 2.001487, 2.001351, 2.001880, 2.001322, 2.000716, 2.000760, 2.000749, 2.001236, 2.000922, 2.001073, 2.000771, 2.000971, 1.000000, 1.000000, 1.000000, 1.000000, 1.000000, 1.000000, 1.000000, 1.000000, 1.000000, 1.000000, 1.000000, 1.000000, 1.000000, 1.000000, 1.000000, 1.000000],
"OutputOffset": [-1.300000, 0.000000, 0.000000, 0.000000, 0.000000, 0.000000, 0.000000, 0.000000, 0.000000, 0.000000, 0.000000, 0.000000, 0.000000, 0.000000, 0.000000, 0.000000, 0.000000],
"OutputScale": [0.833333, 1.000000, 1.000000, 1.000000, 1.000000, 1.000000, 1.000000, 1.000000, 1.000000, 1.000000, 1.000000, 1.000000, 1.000000, 1.000000, 1.000000, 1.000000, 1.000000]
}