{
"InputOffset": [0.501298, 0.503395, 0.499800, 0.504093, 0.499700, 0.503494, 0.502396, 0.505491, 0.509085, 0.505092, 0.508387, 0.509385, 0.511482, 0.508686, 0.507288, 0.510583, 0.511382, 0.509085, 0.509884, 0.509285, 0.510982, 0.513279, 0.516074, 0.517772, 0.519369, 0.517173, 0.515276, 0.511981, 0.512480, 0.512380, 0.507089, 0.508486, 0.508986, 0.510284, 0.509585, 0.510184, 0.508187, 0.509784, 0.507089, 0.507788, 0.506090, 0.503894, 0.509385, 0.510184, 0.510483, 0.514477, 0.511482, 0.513478, 0.511881, 0.514077, 0.512780, 0.515276, 0.516274, 0.518470, 0.516074, 0.516174, 0.513878, 0.514976, 0.511881, 0.515375, 0.514976, 0.513678, 0.517372, 0.514477, 0.515675, 0.512081, 0.504692, 0.500300, 0.503295, 0.508387, 0.509585, 0.510383, 0.514776, 0.510783, 0.510383, 0.510683, 0.512380, 0.510084, 0.506190, 0.508986, 0.509685, 0.514377, 0.516274, 0.511082, 0.510184, 0.509685, 0.513478, 0.511581, 0.508586, 0.510883, 0.512181, 0.511581, 0.511482, 0.512480, 0.513578, 0.512081, 0.512979, 0.513179, 0.511881, 0.513678],
"InputScale": [1.999907, 1.999946, 1.999900, 1.999967, 1.999901, 1.999949, 1.999923, 2.000021, 2.000230, 2.000004, 2.000182, 2.000253, 2.000428, 2.000202, 2.000113, 2.000348, 2.000419, 2.000230, 2.000291, 2.000245, 2.000383, 2.000606, 2.000934, 2.001165, 2.001402, 2.001081, 2.000834, 2.000475, 2.000523, 2.000513, 2.000101, 2.000188, 2.000223, 2.000323, 2.000268, 2.000315, 2.000168, 2.000283, 2.000101, 2.000143, 2.000049, 1.999961, 2.000253, 2.000315, 2.000340, 2.000739, 2.000428, 2.000627, 2.000465, 2.000693, 2.000554, 2.000834, 2.000960, 2.001266, 2.000934, 2.000947, 2.000671, 2.000798, 2.000465, 2.000846, 2.000798, 2.000649, 2.001108, 2.000739, 2.000884, 2.000484, 1.999988, 1.999901, 1.999944, 2.000182, 2.000268, 2.000332, 2.000774, 2.000365, 2.000332, 2.000357, 2.000513, 2.000307, 2.000053, 2.000223, 2.000275, 2.000727, 2.000960, 2.000392, 2.000315, 2.000275, 2.000627, 2.000437, 2.000195, 2.000374, 2.000494, 2.000437, 2.000428, 2.000523, 2.000638, 2.000484, 2.000574, 2.000595, 2.000465, 2.000649],
"OutputOffset": [-0.800000, -1.600000],
"OutputScale": [0.833333, 0.833333]
}