{
"InputOffset": [0.516773, 0.514677, 0.513379, 0.513678, 0.511881, 0.507588, 0.510883, 0.511981, 0.509984, 0.509984, 0.508287, 0.509585, 0.509884, 0.514876, 0.511082, 0.512181, 0.511581, 0.513478, 0.513079, 0.511382, 0.510982, 0.508387, 0.510483, 0.511282, 0.507588, 0.511182, 0.512780, 0.509085, 0.516973, 0.514677, 0.511881, 0.512480, 0.514177, 0.512879, 0.515375, 0.512879, 0.511482, 0.508786, 0.512280, 0.513478, 0.511282, 0.509884, 0.510783, 0.509085, 0.513179, 0.515076, 0.512181, 0.509485, 0.513578, 0.512780, 0.516374, 0.512181, 0.511781, 0.509685, 0.511182, 0.511282, 0.508686, 0.509385, 0.507688, 0.508387, 0.510583, 0.514477, 0.517073, 0.509984, 0.512879, 0.510982, 0.514377, 0.512380, 0.510982, 0.510483, 0.510483, 0.512081, 0.511082, 0.510982, 0.508786, 0.512680, 0.510982, 0.512780, 0.515675, 0.510483, 0.512380, 0.510483, 0.514377, 0.511581, 0.509984, 0.509385, 0.512480, 0.508586, 0.511881, 0.512181, 0.511781, 0.512580, 0.513878, 0.513878, 0.515176, 0.512979, 0.512280, 0.512380, 0.512480, 0.512979, 0.000000, 0.000000, 0.000000, 0.000000, 0.000000, 0.000000, 0.000000, 0.000000, 0.000000, 0.000000, 0.000000, 0.000000, 0.000000, 0.000000, 0.000000, 0.000000],
"InputScale": [2.001126, 2.000862, 2.000716, 2.000749, 2.000565, 2.000230, 2.000474, 2.000574, 2.000399, 2.000399, 2.000275, 2.000368, 2.000391, 2.000886, 2.000491, 2.000594, 2.000537, 2.000727, 2.000685, 2.000518, 2.000483, 2.000281, 2.000440, 2.000509, 2.000230, 2.000500, 2.000654, 2.000330, 2.001153, 2.000862, 2.000565, 2.000623, 2.000804, 2.000664, 2.000946, 2.000664, 2.000528, 2.000309, 2.000604, 2.000727, 2.000509, 2.000391, 2.000465, 2.000330, 2.000695, 2.000910, 2.000594, 2.000360, 2.000738, 2.000654, 2.001073, 2.000594, 2.000555, 2.000375, 2.000500, 2.000509, 2.000302, 2.000352, 2.000236, 2.000281, 2.000448, 2.000839, 2.001167, 2.000399, 2.000664, 2.000483, 2.000827, 2.000613, 2.000483, 2.000440, 2.000440, 2.000584, 2.000491, 2.000483, 2.000309, 2.000643, 2.000483, 2.000654, 2.000984, 2.000440, 2.000613, 2.000440, 2.000827, 2.000537, 2.000399, 2.000352, 2.000623, 2.000295, 2.000565, 2.000594, 2.000555, 2.000633, 2.000771, 2.000771, 2.000922, 2.000674, 2.000604, 2.000613, 2.000623, 2.000674, 1.000000, 1.000000, 1.000000, 1.000000, 1.000000, 1.000000, 1.000000, 1.000000, 1.000000, 1.000000, 1.000000, 1.000000, 1.000000, 1.000000, 1.000000, 1.000000],
"OutputOffset": [-1.300000, 0.000000, 0.000000, 0.000000, 0.000000, 0.000000, 0.000000, 0.000000, 0.000000, 0.000000, 0.000000, 0.000000, 0.000000, 0.000000, 0.000000, 0.000000, 0.000000],
"OutputScale": [0.833333, 1.000000, 1.000000, 1.000000, 1.000000, 1.000000, 1.000000, 1.000000, 1.000000, 1.000000, 1.000000, 1.000000, 1.000000, 1.000000, 1.000000, 1.000000, 1.000000]
}