{
"InputOffset": [0.507813, 0.501953, 0.507813, 0.488281, 0.498047, 0.513672, 0.500000, 0.486328, 0.498047, 0.498047, 0.513672, 0.525391, 0.511719, 0.515625, 0.511719, 0.500000, 0.505859, 0.513672, 0.515625, 0.525391, 0.525391, 0.531250, 0.521484, 0.525391, 0.515625, 0.500000, 0.482422, 0.480469, 0.494141, 0.498047, 0.498047, 0.498047, 0.509766, 0.519531, 0.511719, 0.527344, 0.537109, 0.531250, 0.544922, 0.546875, 0.548828, 0.554688, 0.548828, 0.564453, 0.560547, 0.556641, 0.544922, 0.554688, 0.537109, 0.527344, 0.509766, 0.492188, 0.482422, 0.492188, 0.488281, 0.464844, 0.458984, 0.439453, 0.453125, 0.437500, 0.435547, 0.466797, 0.480469, 0.494141, 0.482422, 0.507813, 0.548828, 0.554688, 0.558594, 0.583984, 0.574219, 0.570313, 0.537109, 0.546875, 0.552734, 0.562500, 0.576172, 0.566406, 0.552734, 0.521484, 0.529297, 0.523438, 0.521484, 0.541016, 0.523438, 0.515625, 0.513672, 0.490234, 0.488281, 0.445313, 0.431641, 0.451172, 0.460938, 0.468750, 0.470703, 0.472656, 0.488281, 0.492188, 0.513672, 0.521484],
"InputScale": [1.998290, 1.998061, 1.998290, 1.998595, 1.998061, 1.998793, 1.998046, 1.998793, 1.998061, 1.998061, 1.998793, 2.000627, 1.998595, 1.999022, 1.998595, 1.998046, 1.998183, 1.998793, 1.999022, 2.000627, 2.000627, 2.001960, 1.999893, 2.000627, 1.999022, 1.998046, 1.999282, 1.999572, 1.998183, 1.998061, 1.998061, 1.998061, 1.998427, 1.999572, 1.998595, 2.001040, 2.003572, 2.001960, 2.006159, 2.006885, 2.007642, 2.010105, 2.007642, 2.014856, 2.012858, 2.010991, 2.006159, 2.010105, 2.003572, 2.001040, 1.998427, 1.998290, 1.999282, 1.998290, 1.998595, 2.003003, 2.004803, 2.012858, 2.006885, 2.013841, 2.014856, 2.002466, 1.999572, 1.998183, 1.999282, 1.998290, 2.007642, 2.010105, 2.011908, 2.026843, 2.020429, 2.018100, 2.003572, 2.006885, 2.009252, 2.013841, 2.021643, 2.015904, 2.009252, 1.999893, 2.001485, 2.000245, 1.999893, 2.004803, 2.000245, 1.999022, 1.998793, 1.998427, 1.998595, 2.010105, 2.016986, 2.007642, 2.004172, 2.001960, 2.001485, 2.001040, 1.998595, 1.998290, 1.998793, 1.999893],
"OutputOffset": [-1.300000],
"OutputScale": [0.833333]
}