{
"InputOffset": [0.509285, 0.509085, 0.510383, 0.515974, 0.518470, 0.517672, 0.513279, 0.510383, 0.509285, 0.513279, 0.511581, 0.505591, 0.504692, 0.500699, 0.500699, 0.497204, 0.496006, 0.495108, 0.494908, 0.500699, 0.503694, 0.504992, 0.505391, 0.505891, 0.502796, 0.505092, 0.503694, 0.504892, 0.509485, 0.506490, 0.506290, 0.505990, 0.503195, 0.505691, 0.508387, 0.514177, 0.513978, 0.513578, 0.513978, 0.515375, 0.515176, 0.515076, 0.514177, 0.512680, 0.516274, 0.514577, 0.514277, 0.512979, 0.511282, 0.512879, 0.514177, 0.512480, 0.505292, 0.504593, 0.502196, 0.494509, 0.492712, 0.491613, 0.485423, 0.486721, 0.490116, 0.490715, 0.497105, 0.499900, 0.508187, 0.514477, 0.514377, 0.518470, 0.519569, 0.516673, 0.516274, 0.514277, 0.516474, 0.515475, 0.518371, 0.514876, 0.514177, 0.513878, 0.512580, 0.507788, 0.508886, 0.507987, 0.502396, 0.502496, 0.506789, 0.505192, 0.501498, 0.500699, 0.499101, 0.502696, 0.499601, 0.495108, 0.497005, 0.497804, 0.499002, 0.503195, 0.501597, 0.508886, 0.511581, 0.509784, -1.300000],
"InputScale": [2.000245, 2.000230, 2.000332, 2.000922, 2.001266, 2.001150, 2.000606, 2.000332, 2.000245, 2.000606, 2.000437, 2.000025, 1.999988, 1.999902, 1.999902, 1.999931, 1.999964, 1.999996, 2.000004, 1.999902, 1.999955, 2.000000, 2.000016, 2.000039, 1.999931, 2.000004, 1.999955, 1.999996, 2.000260, 2.000069, 2.000058, 2.000044, 1.999941, 2.000030, 2.000182, 2.000705, 2.000682, 2.000638, 2.000682, 2.000846, 2.000822, 2.000810, 2.000705, 2.000544, 2.000960, 2.000751, 2.000716, 2.000574, 2.000409, 2.000564, 2.000705, 2.000523, 2.000012, 1.999985, 1.999919, 2.000021, 2.000113, 2.000182, 2.000751, 2.000606, 2.000291, 2.000245, 1.999934, 1.999900, 2.000168, 2.000739, 2.000727, 2.001266, 2.001434, 2.001013, 2.000960, 2.000716, 2.000987, 2.000859, 2.001251, 2.000786, 2.000705, 2.000671, 2.000533, 2.000143, 2.000216, 2.000155, 1.999923, 1.999925, 2.000085, 2.000008, 1.999909, 1.999902, 1.999903, 1.999929, 1.999901, 1.999996, 1.999936, 1.999919, 1.999904, 1.999941, 1.999910, 2.000216, 2.000437, 2.000283, 0.833333],
"OutputOffset": [-0.500000],
"OutputScale": [2.000000]
}