{
"InputOffset": [0.531949, 0.534345, 0.533047, 0.530551, 0.524161, 0.517173, 0.511182, 0.504692, 0.497604, 0.499002, 0.495807, 0.494010, 0.493510, 0.497604, 0.497704, 0.498602, 0.504393, 0.507089, 0.506789, 0.508187, 0.505491, 0.504493, 0.506090, 0.506490, 0.506889, 0.509585, 0.505292, 0.500799, 0.504493, 0.507987, 0.509784, 0.514776, 0.519569, 0.518870, 0.518570, 0.526158, 0.526957, 0.528754, 0.525160, 0.521266, 0.518770, 0.520767, 0.515974, 0.514377, 0.507788, 0.501398, 0.499700, 0.499201, 0.493211, 0.492212, 0.492113, 0.492412, 0.492812, 0.494609, 0.499201, 0.501398, 0.507887, 0.512780, 0.516374, 0.519569, 0.522963, 0.526757, 0.530950, 0.531250, 0.531150, 0.528654, 0.523063, 0.519968, 0.517672, 0.514277, 0.510084, 0.507887, 0.504193, 0.502596, 0.502596, 0.502396, 0.501997, 0.497105, 0.496506, 0.499101, 0.500100, 0.505292, 0.505891, 0.503694, 0.509385, 0.507987, 0.508586, 0.508586, 0.509085, 0.510583, 0.514377, 0.514477, 0.516274, 0.515475, 0.516074, 0.514776, 0.519669, 0.518970, 0.518770, 0.519469, 0.000000, 0.000000, 0.000000, 0.000000, 0.000000, 0.000000, 0.000000, 0.000000, 0.000000, 0.000000, 0.000000, 0.000000, 0.000000, 0.000000, 0.000000, 0.000000],
"InputScale": [2.004095, 2.004735, 2.004383, 2.003744, 2.002339, 2.001181, 2.000500, 2.000088, 2.000023, 2.000004, 2.000070, 2.000144, 2.000168, 2.000023, 2.000021, 2.000008, 2.000077, 2.000201, 2.000184, 2.000268, 2.000121, 2.000081, 2.000148, 2.000168, 2.000190, 2.000368, 2.000112, 2.000003, 2.000081, 2.000255, 2.000383, 2.000874, 2.001533, 2.001426, 2.001381, 2.002743, 2.002913, 2.003315, 2.002537, 2.001811, 2.001411, 2.001727, 2.001022, 2.000827, 2.000243, 2.000008, 2.000000, 2.000003, 2.000184, 2.000243, 2.000249, 2.000230, 2.000207, 2.000116, 2.000003, 2.000008, 2.000249, 2.000654, 2.001073, 2.001533, 2.002113, 2.002870, 2.003843, 2.003918, 2.003893, 2.003292, 2.002131, 2.001597, 2.001250, 2.000816, 2.000407, 2.000249, 2.000070, 2.000027, 2.000027, 2.000023, 2.000016, 2.000034, 2.000049, 2.000003, 2.000000, 2.000112, 2.000139, 2.000055, 2.000352, 2.000255, 2.000295, 2.000295, 2.000330, 2.000448, 2.000827, 2.000839, 2.001060, 2.000959, 2.001034, 2.000874, 2.001549, 2.001441, 2.001411, 2.001518, 1.000000, 1.000000, 1.000000, 1.000000, 1.000000, 1.000000, 1.000000, 1.000000, 1.000000, 1.000000, 1.000000, 1.000000, 1.000000, 1.000000, 1.000000, 1.000000],
"OutputOffset": [-1.300000, 0.000000, 0.000000, 0.000000, 0.000000, 0.000000, 0.000000, 0.000000, 0.000000, 0.000000, 0.000000, 0.000000, 0.000000, 0.000000, 0.000000, 0.000000, 0.000000],
"OutputScale": [0.833333, 1.000000, 1.000000, 1.000000, 1.000000, 1.000000, 1.000000, 1.000000, 1.000000, 1.000000, 1.000000, 1.000000, 1.000000, 1.000000, 1.000000, 1.000000, 1.000000]
}