{
"InputOffset": [0.507488, 0.508986, 0.511581, 0.510184, 0.516873, 0.516673, 0.517672, 0.520467, 0.523462, 0.521565, 0.524062, 0.524062, 0.523363, 0.518570, 0.513279, 0.511182, 0.509085, 0.509285, 0.507089, 0.512081, 0.507688, 0.509485, 0.508087, 0.505391, 0.508686, 0.509485, 0.513179, 0.511981, 0.515076, 0.517871, 0.515176, 0.514976, 0.513778, 0.511581, 0.507887, 0.507688, 0.508686, 0.505891, 0.510184, 0.512181, 0.512181, 0.514077, 0.512480, 0.514077, 0.515675, 0.513878, 0.512081, 0.515875, 0.521865, 0.521366, 0.520667, 0.519768, 0.520268, 0.520567, 0.518271, 0.519069, 0.514876, 0.508287, 0.506789, 0.504193, 0.499601, 0.496705, 0.497304, 0.500799, 0.498203, 0.502296, 0.507987, 0.508886, 0.506390, 0.504792, 0.508287, 0.506889, 0.506689, 0.512979, 0.514776, 0.514677, 0.518071, 0.515875, 0.518470, 0.519669, 0.522364, 0.521266, 0.520567, 0.519968, 0.522863, 0.516274, 0.514377, 0.509784, 0.508786, 0.511781, 0.510383, 0.507288, 0.504193, 0.507788, 0.507588, 0.509685, 0.511781, 0.511781, 0.508986, 0.513079],
"InputScale": [2.000124, 2.000223, 2.000437, 2.000315, 2.001040, 2.001013, 2.001150, 2.001578, 2.002106, 2.001763, 2.002220, 2.002220, 2.002087, 2.001281, 2.000606, 2.000400, 2.000230, 2.000245, 2.000101, 2.000484, 2.000137, 2.000260, 2.000162, 2.000016, 2.000202, 2.000260, 2.000595, 2.000475, 2.000810, 2.001179, 2.000822, 2.000798, 2.000660, 2.000437, 2.000149, 2.000137, 2.000202, 2.000039, 2.000315, 2.000494, 2.000494, 2.000693, 2.000523, 2.000693, 2.000884, 2.000671, 2.000484, 2.000909, 2.001815, 2.001729, 2.001611, 2.001465, 2.001545, 2.001594, 2.001237, 2.001356, 2.000786, 2.000175, 2.000085, 1.999970, 1.999901, 1.999944, 1.999929, 1.999903, 1.999913, 1.999921, 2.000155, 2.000216, 2.000063, 1.999992, 2.000175, 2.000090, 2.000079, 2.000574, 2.000774, 2.000762, 2.001208, 2.000909, 2.001266, 2.001449, 2.001904, 2.001711, 2.001594, 2.001497, 2.001994, 2.000960, 2.000727, 2.000283, 2.000209, 2.000456, 2.000332, 2.000113, 1.999970, 2.000143, 2.000130, 2.000275, 2.000456, 2.000456, 2.000223, 2.000585],
"OutputOffset": [-1.300000],
"OutputScale": [0.833333]
}