{
"InputOffset": [0.515076, 0.518470, 0.516374, 0.515775, 0.508087, 0.507688, 0.505391, 0.505990, 0.507388, 0.510683, 0.515875, 0.516573, 0.513778, 0.510982, 0.511581, 0.508586, 0.505791, 0.501198, 0.500000, 0.496506, 0.496306, 0.499301, 0.499700, 0.498602, 0.506090, 0.516374, 0.521765, 0.525759, 0.528255, 0.532049, 0.531050, 0.525160, 0.517672, 0.510883, 0.506789, 0.503095, 0.500300, 0.501997, 0.500499, 0.494609, 0.496605, 0.499101, 0.499900, 0.507488, 0.510783, 0.516773, 0.514177, 0.511581, 0.509685, 0.506789, 0.506190, 0.508986, 0.507588, 0.508686, 0.509984, 0.511781, 0.515974, 0.513578, 0.519069, 0.513179, 0.515675, 0.516873, 0.517272, 0.514477, 0.515375, 0.515276, 0.510383, 0.509585, 0.507688, 0.512580, 0.513678, 0.514077, 0.516274, 0.517672, 0.521166, 0.522364, 0.518470, 0.511781, 0.507887, 0.504193, 0.507388, 0.505491, 0.508586, 0.508986, 0.507188, 0.507488, 0.506190, 0.503794, 0.508087, 0.505791, 0.506689, 0.510184, 0.514976, 0.512480, 0.508986, 0.507788, 0.510184, 0.507887, 0.509285, 0.511781, 0.000000, 0.000000, 0.000000, 0.000000, 0.000000, 0.000000, 0.000000, 0.000000, 0.000000, 0.000000, 0.000000, 0.000000, 0.000000, 0.000000, 0.000000, 0.000000],
"InputScale": [2.000910, 2.001366, 2.001073, 2.000996, 2.000262, 2.000236, 2.000116, 2.000144, 2.000218, 2.000457, 2.001009, 2.001100, 2.000760, 2.000483, 2.000537, 2.000295, 2.000134, 2.000006, 2.000000, 2.000049, 2.000055, 2.000002, 2.000000, 2.000008, 2.000148, 2.001073, 2.001898, 2.002659, 2.003201, 2.004121, 2.003868, 2.002537, 2.001250, 2.000474, 2.000184, 2.000038, 2.000000, 2.000016, 2.000001, 2.000116, 2.000046, 2.000003, 2.000000, 2.000224, 2.000465, 2.001126, 2.000804, 2.000537, 2.000375, 2.000184, 2.000153, 2.000323, 2.000230, 2.000302, 2.000399, 2.000555, 2.001022, 2.000738, 2.001456, 2.000695, 2.000984, 2.001140, 2.001194, 2.000839, 2.000946, 2.000934, 2.000431, 2.000368, 2.000236, 2.000633, 2.000749, 2.000793, 2.001060, 2.001250, 2.001794, 2.002004, 2.001366, 2.000555, 2.000249, 2.000070, 2.000218, 2.000121, 2.000295, 2.000323, 2.000207, 2.000224, 2.000153, 2.000058, 2.000262, 2.000134, 2.000179, 2.000415, 2.000898, 2.000623, 2.000323, 2.000243, 2.000415, 2.000249, 2.000345, 2.000555, 1.000000, 1.000000, 1.000000, 1.000000, 1.000000, 1.000000, 1.000000, 1.000000, 1.000000, 1.000000, 1.000000, 1.000000, 1.000000, 1.000000, 1.000000, 1.000000],
"OutputOffset": [-1.300000, 0.000000, 0.000000, 0.000000, 0.000000, 0.000000, 0.000000, 0.000000, 0.000000, 0.000000, 0.000000, 0.000000, 0.000000, 0.000000, 0.000000, 0.000000, 0.000000],
"OutputScale": [0.833333, 1.000000, 1.000000, 1.000000, 1.000000, 1.000000, 1.000000, 1.000000, 1.000000, 1.000000, 1.000000, 1.000000, 1.000000, 1.000000, 1.000000, 1.000000, 1.000000]
}