{
"InputOffset": [0.502196, 0.500899, 0.501697, 0.497604, 0.500300, 0.498103, 0.497105, 0.491713, 0.492013, 0.496605, 0.505192, 0.508986, 0.512280, 0.511581, 0.514976, 0.511781, 0.517372, 0.520567, 0.522863, 0.520966, 0.518071, 0.517372, 0.517372, 0.522664, 0.518371, 0.518171, 0.520867, 0.520268, 0.521665, 0.524062, 0.521066, 0.517871, 0.517372, 0.517372, 0.512780, 0.507388, 0.502796, 0.500399, 0.496206, 0.496006, 0.496306, 0.493411, 0.498303, 0.502596, 0.505391, 0.501697, 0.504193, 0.504792, 0.501797, 0.503694, 0.507188, 0.505990, 0.509185, 0.511082, 0.510982, 0.507588, 0.509485, 0.512081, 0.517871, 0.521466, 0.521266, 0.525958, 0.527656, 0.524261, 0.522264, 0.520367, 0.517472, 0.513978, 0.516474, 0.517073, 0.511482, 0.508886, 0.508287, 0.507588, 0.507887, 0.511082, 0.508387, 0.506290, 0.507188, 0.504792, 0.507388, 0.507089, 0.511881, 0.508686, 0.509884, 0.509185, 0.509285, 0.509784, 0.510883, 0.508986, 0.508287, 0.508087, 0.511382, 0.511082, 0.512580, 0.514776, 0.515176, 0.517672, 0.515974, 0.513978],
"InputScale": [1.999919, 1.999903, 1.999912, 1.999923, 1.999901, 1.999915, 1.999934, 2.000175, 2.000155, 1.999946, 2.000008, 2.000223, 2.000504, 2.000437, 2.000798, 2.000456, 2.001108, 2.001594, 2.001994, 2.001661, 2.001208, 2.001108, 2.001108, 2.001958, 2.001251, 2.001222, 2.001644, 2.001545, 2.001780, 2.002220, 2.001678, 2.001179, 2.001108, 2.001108, 2.000554, 2.000119, 1.999931, 1.999901, 1.999958, 1.999964, 1.999955, 2.000074, 1.999912, 1.999927, 2.000016, 1.999912, 1.999970, 1.999992, 1.999913, 1.999955, 2.000107, 2.000044, 2.000238, 2.000392, 2.000383, 2.000130, 2.000260, 2.000484, 2.001179, 2.001746, 2.001711, 2.002601, 2.002966, 2.002259, 2.001886, 2.001561, 2.001122, 2.000682, 2.000987, 2.001067, 2.000428, 2.000216, 2.000175, 2.000130, 2.000149, 2.000392, 2.000182, 2.000058, 2.000107, 1.999992, 2.000119, 2.000101, 2.000465, 2.000202, 2.000291, 2.000238, 2.000245, 2.000283, 2.000374, 2.000223, 2.000175, 2.000162, 2.000419, 2.000392, 2.000533, 2.000774, 2.000822, 2.001150, 2.000922, 2.000682],
"OutputOffset": [-1.300000],
"OutputScale": [0.833333]
}