{
"InputOffset": [0.534245, 0.530651, 0.528654, 0.527756, 0.523962, 0.519469, 0.519269, 0.515974, 0.512780, 0.512879, 0.513578, 0.509385, 0.511781, 0.508387, 0.506689, 0.511082, 0.504792, 0.502496, 0.503794, 0.503794, 0.508287, 0.510683, 0.507188, 0.508786, 0.506290, 0.506390, 0.504892, 0.504892, 0.503494, 0.499601, 0.499301, 0.499401, 0.502196, 0.499700, 0.499501, 0.504093, 0.505591, 0.506689, 0.508686, 0.515176, 0.516773, 0.521565, 0.525958, 0.523063, 0.521066, 0.523263, 0.521166, 0.520467, 0.518371, 0.517272, 0.518271, 0.516873, 0.518470, 0.516374, 0.519069, 0.515276, 0.508586, 0.504992, 0.502895, 0.503694, 0.502796, 0.502496, 0.504892, 0.502296, 0.503395, 0.502496, 0.503694, 0.506490, 0.508586, 0.506390, 0.503994, 0.501697, 0.502796, 0.501198, 0.500300, 0.501897, 0.508886, 0.509185, 0.513478, 0.515176, 0.513978, 0.511282, 0.514377, 0.515875, 0.517971, 0.519968, 0.519669, 0.517971, 0.521366, 0.517772, 0.519169, 0.517871, 0.515575, 0.515276, 0.515076, 0.514177, 0.515675, 0.515875, 0.515276, 0.512780],
"InputScale": [2.004607, 2.003669, 2.003192, 2.002989, 2.002201, 2.001418, 2.001387, 2.000922, 2.000554, 2.000564, 2.000638, 2.000253, 2.000456, 2.000182, 2.000079, 2.000392, 1.999992, 1.999925, 1.999958, 1.999958, 2.000175, 2.000357, 2.000107, 2.000209, 2.000058, 2.000063, 1.999996, 1.999996, 1.999949, 1.999901, 1.999902, 1.999902, 1.999919, 1.999901, 1.999901, 1.999967, 2.000025, 2.000079, 2.000202, 2.000822, 2.001026, 2.001763, 2.002601, 2.002031, 2.001678, 2.002068, 2.001695, 2.001578, 2.001251, 2.001095, 2.001237, 2.001040, 2.001266, 2.000973, 2.001356, 2.000834, 2.000195, 2.000000, 1.999934, 1.999955, 1.999931, 1.999925, 1.999996, 1.999921, 1.999946, 1.999925, 1.999955, 2.000069, 2.000195, 2.000063, 1.999964, 1.999912, 1.999931, 1.999906, 1.999901, 1.999915, 2.000216, 2.000238, 2.000627, 2.000822, 2.000682, 2.000409, 2.000727, 2.000909, 2.001193, 2.001497, 2.001449, 2.001193, 2.001729, 2.001165, 2.001372, 2.001179, 2.000871, 2.000834, 2.000810, 2.000705, 2.000884, 2.000909, 2.000834, 2.000554],
"OutputOffset": [-0.500000, -0.500000, -0.800000, -1.600000],
"OutputScale": [2.000000, 2.000000, 0.833333, 0.833333]
}