{
"InputOffset": [0.519069, 0.520367, 0.516474, 0.513279, 0.516474, 0.514776, 0.516573, 0.517173, 0.517272, 0.507987, 0.509485, 0.505092, 0.508786, 0.506290, 0.507188, 0.502596, 0.506390, 0.503894, 0.498303, 0.496605, 0.494908, 0.497005, 0.496905, 0.501897, 0.499501, 0.501797, 0.499201, 0.504193, 0.505292, 0.503694, 0.498003, 0.497704, 0.500599, 0.500399, 0.502995, 0.501597, 0.498602, 0.497504, 0.504093, 0.510982, 0.514077, 0.515974, 0.519369, 0.522664, 0.522165, 0.520168, 0.516973, 0.514776, 0.509085, 0.508087, 0.506589, 0.504093, 0.506390, 0.510483, 0.517672, 0.517372, 0.515974, 0.514077, 0.517772, 0.514776, 0.516374, 0.515375, 0.510483, 0.514277, 0.514976, 0.510084, 0.512680, 0.514976, 0.510583, 0.511581, 0.509984, 0.508986, 0.513578, 0.513279, 0.509285, 0.507388, 0.502995, 0.503594, 0.502296, 0.501797, 0.500000, 0.500699, 0.502796, 0.503994, 0.505192, 0.505591, 0.503295, 0.505591, 0.506789, 0.504093, 0.508287, 0.507788, 0.510883, 0.514876, 0.511981, 0.516873, 0.517572, 0.516973, 0.512780, 0.515276],
"InputScale": [2.001356, 2.001561, 2.000987, 2.000606, 2.000987, 2.000774, 2.001000, 2.001081, 2.001095, 2.000155, 2.000260, 2.000004, 2.000209, 2.000058, 2.000107, 1.999927, 2.000063, 1.999961, 1.999912, 1.999946, 2.000004, 1.999936, 1.999938, 1.999915, 1.999901, 1.999913, 1.999903, 1.999970, 2.000012, 1.999955, 1.999916, 1.999921, 1.999902, 1.999901, 1.999936, 1.999910, 1.999908, 1.999925, 1.999967, 2.000383, 2.000693, 2.000922, 2.001402, 2.001958, 2.001868, 2.001529, 2.001053, 2.000774, 2.000230, 2.000162, 2.000074, 1.999967, 2.000063, 2.000340, 2.001150, 2.001108, 2.000922, 2.000693, 2.001165, 2.000774, 2.000973, 2.000846, 2.000340, 2.000716, 2.000798, 2.000307, 2.000544, 2.000798, 2.000348, 2.000437, 2.000299, 2.000223, 2.000638, 2.000606, 2.000245, 2.000119, 1.999936, 1.999952, 1.999921, 1.999913, 1.999900, 1.999902, 1.999931, 1.999964, 2.000008, 2.000025, 1.999944, 2.000025, 2.000085, 1.999967, 2.000175, 2.000143, 2.000374, 2.000786, 2.000475, 2.001040, 2.001136, 2.001053, 2.000554, 2.000834],
"OutputOffset": [-1.300000],
"OutputScale": [0.833333]
}