{
"InputOffset": [0.506689, 0.508986, 0.507588, 0.500499, 0.504992, 0.501997, 0.498103, 0.503295, 0.508387, 0.510483, 0.509185, 0.515775, 0.513578, 0.516074, 0.519269, 0.517572, 0.517272, 0.520966, 0.522863, 0.518271, 0.518371, 0.516973, 0.515775, 0.513978, 0.509285, 0.506789, 0.506889, 0.505791, 0.504992, 0.512680, 0.507588, 0.507188, 0.504892, 0.504293, 0.500399, 0.500300, 0.500000, 0.501897, 0.505591, 0.499601, 0.502895, 0.505092, 0.507188, 0.511182, 0.513478, 0.516673, 0.515176, 0.519768, 0.522464, 0.522264, 0.528854, 0.528255, 0.525659, 0.527256, 0.527656, 0.525559, 0.520867, 0.520966, 0.522364, 0.515176, 0.509984, 0.500599, 0.499700, 0.498103, 0.497903, 0.503395, 0.503594, 0.503794, 0.503395, 0.499501, 0.500100, 0.498303, 0.499002, 0.502696, 0.507388, 0.511082, 0.513379, 0.516174, 0.521066, 0.521965, 0.521366, 0.520667, 0.520467, 0.521865, 0.518670, 0.518970, 0.522464, 0.522863, 0.521565, 0.522764, 0.525559, 0.519169, 0.512780, 0.513478, 0.514677, 0.513778, 0.514577, 0.511382, 0.505491, 0.505292],
"InputScale": [2.000079, 2.000223, 2.000130, 1.999901, 2.000000, 1.999916, 1.999915, 1.999944, 2.000182, 2.000340, 2.000238, 2.000896, 2.000638, 2.000934, 2.001387, 2.001136, 2.001095, 2.001661, 2.001994, 2.001237, 2.001251, 2.001053, 2.000896, 2.000682, 2.000245, 2.000085, 2.000090, 2.000034, 2.000000, 2.000544, 2.000130, 2.000107, 1.999996, 1.999974, 1.999901, 1.999901, 1.999900, 1.999915, 2.000025, 1.999901, 1.999934, 2.000004, 2.000107, 2.000400, 2.000627, 2.001013, 2.000822, 2.001465, 2.001922, 2.001886, 2.003239, 2.003101, 2.002539, 2.002878, 2.002966, 2.002518, 2.001644, 2.001661, 2.001904, 2.000822, 2.000299, 1.999902, 1.999901, 1.999915, 1.999918, 1.999946, 1.999952, 1.999958, 1.999946, 1.999901, 1.999900, 1.999912, 1.999904, 1.999929, 2.000119, 2.000392, 2.000616, 2.000947, 2.001678, 2.001833, 2.001729, 2.001611, 2.001578, 2.001815, 2.001296, 2.001341, 2.001922, 2.001994, 2.001763, 2.001976, 2.002518, 2.001372, 2.000554, 2.000627, 2.000762, 2.000660, 2.000751, 2.000419, 2.000021, 2.000012],
"OutputOffset": [-0.500000],
"OutputScale": [2.000000]
}