{
"InputOffset": [0.517971, 0.518970, 0.515675, 0.506490, 0.500699, 0.494609, 0.494109, 0.488219, 0.489317, 0.489816, 0.492312, 0.502796, 0.508486, 0.514177, 0.523163, 0.530751, 0.537540, 0.540635, 0.541034, 0.540136, 0.535144, 0.528255, 0.520268, 0.516673, 0.513478, 0.510583, 0.499201, 0.496905, 0.498602, 0.495607, 0.501398, 0.504493, 0.509884, 0.517572, 0.516374, 0.515775, 0.514677, 0.509685, 0.506190, 0.498003, 0.495108, 0.494908, 0.494010, 0.491813, 0.490415, 0.490915, 0.493111, 0.497105, 0.502097, 0.513778, 0.525160, 0.530751, 0.535643, 0.536042, 0.534345, 0.527356, 0.521665, 0.515276, 0.511082, 0.508886, 0.505192, 0.500899, 0.496506, 0.496106, 0.499401, 0.503794, 0.500799, 0.500000, 0.505591, 0.519669, 0.521166, 0.524860, 0.527656, 0.528055, 0.521166, 0.518271, 0.511781, 0.504493, 0.504493, 0.499900, 0.497604, 0.499700, 0.506290, 0.508087, 0.508287, 0.506889, 0.505292, 0.507188, 0.511681, 0.510483, 0.510783, 0.512979, 0.509485, 0.506390, 0.507488, 0.507887, 0.507388, 0.507188, 0.508686, 0.511182, 0.000000, 0.000000, 0.000000, 0.000000, 0.000000, 0.000000, 0.000000, 0.000000, 0.000000, 0.000000, 0.000000, 0.000000, 0.000000, 0.000000, 0.000000, 0.000000],
"InputScale": [2.001293, 2.001441, 2.000984, 2.000168, 2.000002, 2.000116, 2.000139, 2.000555, 2.000457, 2.000415, 2.000236, 2.000031, 2.000288, 2.000804, 2.002150, 2.003793, 2.005661, 2.006638, 2.006769, 2.006475, 2.004959, 2.003201, 2.001645, 2.001113, 2.000727, 2.000448, 2.000003, 2.000038, 2.000008, 2.000077, 2.000008, 2.000081, 2.000391, 2.001236, 2.001073, 2.000996, 2.000862, 2.000375, 2.000153, 2.000016, 2.000096, 2.000104, 2.000144, 2.000268, 2.000368, 2.000330, 2.000190, 2.000034, 2.000018, 2.000760, 2.002537, 2.003793, 2.005101, 2.005217, 2.004735, 2.003000, 2.001880, 2.000934, 2.000491, 2.000316, 2.000108, 2.000003, 2.000049, 2.000061, 2.000001, 2.000058, 2.000003, 2.000000, 2.000125, 2.001549, 2.001794, 2.002477, 2.003066, 2.003156, 2.001794, 2.001337, 2.000555, 2.000081, 2.000081, 2.000000, 2.000023, 2.000000, 2.000158, 2.000262, 2.000275, 2.000190, 2.000112, 2.000207, 2.000546, 2.000440, 2.000465, 2.000674, 2.000360, 2.000163, 2.000224, 2.000249, 2.000218, 2.000207, 2.000302, 2.000500, 1.000000, 1.000000, 1.000000, 1.000000, 1.000000, 1.000000, 1.000000, 1.000000, 1.000000, 1.000000, 1.000000, 1.000000, 1.000000, 1.000000, 1.000000, 1.000000],
"OutputOffset": [-1.300000, 0.000000, 0.000000, 0.000000, 0.000000, 0.000000, 0.000000, 0.000000, 0.000000, 0.000000, 0.000000, 0.000000, 0.000000, 0.000000, 0.000000, 0.000000, 0.000000],
"OutputScale": [0.833333, 1.000000, 1.000000, 1.000000, 1.000000, 1.000000, 1.000000, 1.000000, 1.000000, 1.000000, 1.000000, 1.000000, 1.000000, 1.000000, 1.000000, 1.000000, 1.000000]
}