{
"InputOffset": [0.519069, 0.516374, 0.517971, 0.520667, 0.527256, 0.531150, 0.528255, 0.522664, 0.518371, 0.513478, 0.506689, 0.505092, 0.507788, 0.511282, 0.507987, 0.499002, 0.499501, 0.499900, 0.509085, 0.514077, 0.516274, 0.517871, 0.515575, 0.514776, 0.512280, 0.511581, 0.508786, 0.506390, 0.513079, 0.510184, 0.507688, 0.509085, 0.512580, 0.514876, 0.517272, 0.516973, 0.514976, 0.509185, 0.509884, 0.506789, 0.509185, 0.512380, 0.509185, 0.509485, 0.508187, 0.507188, 0.501298, 0.502895, 0.508387, 0.510583, 0.512480, 0.512181, 0.512380, 0.517772, 0.515875, 0.513778, 0.510084, 0.511881, 0.505891, 0.503894, 0.503095, 0.503095, 0.507788, 0.507887, 0.504493, 0.506689, 0.504393, 0.508986, 0.513478, 0.513678, 0.515875, 0.518071, 0.513878, 0.513478, 0.517173, 0.523762, 0.523462, 0.523462, 0.523762, 0.525559, 0.520767, 0.519069, 0.520567, 0.515575, 0.514976, 0.518770, 0.516773, 0.515375, 0.516873, 0.512879, 0.512580, 0.510483, 0.506290, 0.507288, 0.506689, 0.504393, 0.500899, 0.501498, 0.504792, 0.507388],
"InputScale": [2.001356, 2.000973, 2.001193, 2.001611, 2.002878, 2.003793, 2.003101, 2.001958, 2.001251, 2.000627, 2.000079, 2.000004, 2.000143, 2.000409, 2.000155, 1.999904, 1.999901, 1.999900, 2.000230, 2.000693, 2.000960, 2.001179, 2.000871, 2.000774, 2.000504, 2.000437, 2.000209, 2.000063, 2.000585, 2.000315, 2.000137, 2.000230, 2.000533, 2.000786, 2.001095, 2.001053, 2.000798, 2.000238, 2.000291, 2.000085, 2.000238, 2.000513, 2.000238, 2.000260, 2.000168, 2.000107, 1.999907, 1.999934, 2.000182, 2.000348, 2.000523, 2.000494, 2.000513, 2.001165, 2.000909, 2.000660, 2.000307, 2.000465, 2.000039, 1.999961, 1.999938, 1.999938, 2.000143, 2.000149, 1.999981, 2.000079, 1.999977, 2.000223, 2.000627, 2.000649, 2.000909, 2.001208, 2.000671, 2.000627, 2.001081, 2.002162, 2.002106, 2.002106, 2.002162, 2.002518, 2.001627, 2.001356, 2.001594, 2.000871, 2.000798, 2.001311, 2.001026, 2.000846, 2.001040, 2.000564, 2.000533, 2.000340, 2.000058, 2.000113, 2.000079, 1.999977, 1.999903, 1.999909, 1.999992, 2.000119],
"OutputOffset": [-0.500000, -0.500000, -1.300000, -1.300000],
"OutputScale": [2.000000, 2.000000, 0.833333, 0.833333]
}