{
"InputOffset": [0.513478, 0.505591, 0.505192, 0.504293, 0.503494, 0.498802, 0.496206, 0.497504, 0.497304, 0.497604, 0.493710, 0.495308, 0.495407, 0.494908, 0.493810, 0.497804, 0.499002, 0.502895, 0.502696, 0.509585, 0.506689, 0.517073, 0.521865, 0.524860, 0.531150, 0.538039, 0.539437, 0.539936, 0.542732, 0.546326, 0.548822, 0.544429, 0.544828, 0.543331, 0.542732, 0.532648, 0.527356, 0.518371, 0.513578, 0.509585, 0.502097, 0.500499, 0.493411, 0.494708, 0.497604, 0.502396, 0.499301, 0.499201, 0.499501, 0.501797, 0.501897, 0.497704, 0.502196, 0.503395, 0.502696, 0.506290, 0.505092, 0.510583, 0.509085, 0.509784, 0.511182, 0.512380, 0.509385, 0.514677, 0.514277, 0.508886, 0.506789, 0.509585, 0.514177, 0.517173, 0.522863, 0.524760, 0.527057, 0.528355, 0.524161, 0.521865, 0.516374, 0.516773, 0.520767, 0.519069, 0.514077, 0.511082, 0.510483, 0.513179, 0.514377, 0.512780, 0.513379, 0.514477, 0.516973, 0.518970, 0.518271, 0.519369, 0.518171, 0.520867, 0.523762, 0.521565, 0.520767, 0.518670, 0.517272, 0.515675],
"InputScale": [2.000627, 2.000025, 2.000008, 1.999974, 1.999949, 1.999906, 1.999958, 1.999925, 1.999929, 1.999923, 2.000058, 1.999988, 1.999985, 2.000004, 2.000053, 1.999919, 1.999904, 1.999934, 1.999929, 2.000268, 2.000079, 2.001067, 2.001815, 2.002377, 2.003793, 2.005713, 2.006150, 2.006310, 2.007244, 2.008540, 2.009503, 2.007843, 2.007987, 2.007453, 2.007244, 2.004177, 2.002900, 2.001251, 2.000638, 2.000268, 1.999918, 1.999901, 2.000074, 2.000012, 1.999923, 1.999923, 1.999902, 1.999903, 1.999901, 1.999913, 1.999915, 1.999921, 1.999919, 1.999946, 1.999929, 2.000058, 2.000004, 2.000348, 2.000230, 2.000283, 2.000400, 2.000513, 2.000253, 2.000762, 2.000716, 2.000216, 2.000085, 2.000268, 2.000705, 2.001081, 2.001994, 2.002357, 2.002835, 2.003124, 2.002239, 2.001815, 2.000973, 2.001026, 2.001627, 2.001356, 2.000693, 2.000392, 2.000340, 2.000595, 2.000727, 2.000554, 2.000616, 2.000739, 2.001053, 2.001341, 2.001237, 2.001402, 2.001222, 2.001644, 2.002162, 2.001763, 2.001627, 2.001296, 2.001095, 2.000884],
"OutputOffset": [-1.300000],
"OutputScale": [0.833333]
}