{
"InputOffset": [0.529353, 0.539237, 0.544030, 0.543431, 0.546526, 0.547224, 0.538738, 0.535443, 0.535443, 0.530052, 0.524960, 0.525559, 0.527656, 0.528854, 0.529353, 0.530052, 0.526957, 0.518670, 0.512181, 0.505891, 0.491114, 0.481829, 0.473343, 0.460363, 0.451478, 0.442093, 0.442492, 0.444089, 0.454473, 0.467552, 0.485224, 0.502496, 0.513279, 0.528954, 0.542232, 0.551118, 0.558906, 0.562400, 0.571386, 0.582169, 0.593051, 0.597644, 0.588958, 0.577676, 0.559505, 0.537839, 0.520068, 0.499601, 0.486022, 0.474042, 0.468151, 0.466054, 0.461861, 0.458167, 0.457368, 0.450978, 0.445787, 0.449081, 0.454373, 0.467851, 0.478934, 0.487220, 0.501098, 0.508986, 0.519369, 0.532149, 0.539437, 0.545228, 0.549121, 0.552316, 0.556909, 0.557009, 0.553714, 0.547125, 0.537141, 0.528155, 0.518570, 0.517572, 0.512081, 0.503794, 0.494509, 0.484525, 0.483826, 0.481230, 0.483327, 0.487520, 0.484525, 0.485124, 0.479433, 0.484425, 0.485024, 0.492212, 0.496006, 0.501897, 0.510583, 0.513578, 0.516274, 0.522464, 0.527057, 0.528954],
"InputScale": [2.003355, 2.006087, 2.007700, 2.007488, 2.008615, 2.008880, 2.005930, 2.004944, 2.004944, 2.003522, 2.002397, 2.002518, 2.002966, 2.003239, 2.003355, 2.003522, 2.002813, 2.001296, 2.000494, 2.000039, 2.000216, 2.001222, 2.002749, 2.006214, 2.009384, 2.013449, 2.013261, 2.012522, 2.008243, 2.004125, 2.000774, 1.999925, 2.000606, 2.003262, 2.007073, 2.010435, 2.013925, 2.015659, 2.020600, 2.027465, 2.035459, 2.039162, 2.032324, 2.024479, 2.014215, 2.005652, 2.001513, 1.999901, 2.000682, 2.002601, 2.003970, 2.004525, 2.005744, 2.006937, 2.007210, 2.009582, 2.011761, 2.010352, 2.008279, 2.004047, 2.001678, 2.000554, 1.999905, 2.000223, 2.001402, 2.004047, 2.006150, 2.008132, 2.009622, 2.010938, 2.012981, 2.013028, 2.011541, 2.008842, 2.005441, 2.003078, 2.001281, 2.001136, 2.000484, 1.999958, 2.000021, 2.000859, 2.000947, 2.001311, 2.001013, 2.000523, 2.000859, 2.000786, 2.001594, 2.000871, 2.000798, 2.000143, 1.999964, 1.999915, 2.000348, 2.000638, 2.000960, 2.001922, 2.002835, 2.003262],
"OutputOffset": [-0.500000, -0.500000, -0.800000, -1.600000],
"OutputScale": [2.000000, 2.000000, 0.833333, 0.833333]
}