{
"InputOffset": [0.516573, 0.513379, 0.515475, 0.519369, 0.520867, 0.524361, 0.523063, 0.517772, 0.516174, 0.517372, 0.517272, 0.515775, 0.514677, 0.511581, 0.508786, 0.507588, 0.509185, 0.506190, 0.509085, 0.509984, 0.511681, 0.511382, 0.515575, 0.511681, 0.506789, 0.504493, 0.503994, 0.502496, 0.501997, 0.500399, 0.501198, 0.504093, 0.498502, 0.499900, 0.500200, 0.504293, 0.506989, 0.506889, 0.509485, 0.515176, 0.517672, 0.515276, 0.516074, 0.517272, 0.520667, 0.521366, 0.521166, 0.521066, 0.522464, 0.521166, 0.520467, 0.518970, 0.518071, 0.514477, 0.518470, 0.509585, 0.506190, 0.504393, 0.501398, 0.498103, 0.501597, 0.501398, 0.500499, 0.504293, 0.505891, 0.507588, 0.512780, 0.510483, 0.507688, 0.512480, 0.509285, 0.512081, 0.511581, 0.511981, 0.509585, 0.508886, 0.508187, 0.511881, 0.514377, 0.518670, 0.516973, 0.516474, 0.510583, 0.507788, 0.507987, 0.509485, 0.511581, 0.511282, 0.504792, 0.503494, 0.507188, 0.512680, 0.514077, 0.517272, 0.517472, 0.516374, 0.518171, 0.517971, 0.517472, 0.512780],
"InputScale": [2.001000, 2.000616, 2.000859, 2.001402, 2.001644, 2.002278, 2.002031, 2.001165, 2.000947, 2.001108, 2.001095, 2.000896, 2.000762, 2.000437, 2.000209, 2.000130, 2.000238, 2.000053, 2.000230, 2.000299, 2.000446, 2.000419, 2.000871, 2.000446, 2.000085, 1.999981, 1.999964, 1.999925, 1.999916, 1.999901, 1.999906, 1.999967, 1.999909, 1.999900, 1.999900, 1.999974, 2.000096, 2.000090, 2.000260, 2.000822, 2.001150, 2.000834, 2.000934, 2.001095, 2.001611, 2.001729, 2.001695, 2.001678, 2.001922, 2.001695, 2.001578, 2.001341, 2.001208, 2.000739, 2.001266, 2.000268, 2.000053, 1.999977, 1.999908, 1.999915, 1.999910, 1.999908, 1.999901, 1.999974, 2.000039, 2.000130, 2.000554, 2.000340, 2.000137, 2.000523, 2.000245, 2.000484, 2.000437, 2.000475, 2.000268, 2.000216, 2.000168, 2.000465, 2.000727, 2.001296, 2.001053, 2.000987, 2.000348, 2.000143, 2.000155, 2.000260, 2.000437, 2.000409, 1.999992, 1.999949, 2.000107, 2.000544, 2.000693, 2.001095, 2.001122, 2.000973, 2.001222, 2.001193, 2.001122, 2.000554],
"OutputOffset": [-0.500000, -1.300000],
"OutputScale": [2.000000, 0.833333]
}