{
"InputOffset": [0.475240, 0.475739, 0.475739, 0.472444, 0.475938, 0.484724, 0.490615, 0.498802, 0.507788, 0.517572, 0.523462, 0.531849, 0.537839, 0.545627, 0.550519, 0.556210, 0.555411, 0.554413, 0.549022, 0.535843, 0.527656, 0.514277, 0.506789, 0.499501, 0.495308, 0.490315, 0.488618, 0.490515, 0.492812, 0.495707, 0.489417, 0.491813, 0.487121, 0.485923, 0.479932, 0.478934, 0.478135, 0.480831, 0.484924, 0.498203, 0.506789, 0.516773, 0.521765, 0.532149, 0.534245, 0.539137, 0.543331, 0.537240, 0.536741, 0.532149, 0.522264, 0.517971, 0.511282, 0.503794, 0.501098, 0.496705, 0.491514, 0.491514, 0.489816, 0.486222, 0.486921, 0.489916, 0.494509, 0.494808, 0.492712, 0.493011, 0.493910, 0.499501, 0.506689, 0.515875, 0.514776, 0.517272, 0.519169, 0.519469, 0.519569, 0.526458, 0.527855, 0.528155, 0.530351, 0.533946, 0.540635, 0.539038, 0.540236, 0.535443, 0.526558, 0.522464, 0.518171, 0.515475, 0.511082, 0.507488, 0.503095, 0.504293, 0.503095, 0.501897, 0.500200, 0.495507, 0.494908, 0.494808, 0.498902, 0.501098],
"InputScale": [2.002357, 2.002259, 2.002259, 2.002944, 2.002220, 2.000834, 2.000253, 1.999906, 2.000143, 2.001136, 2.002106, 2.003970, 2.005652, 2.008279, 2.010187, 2.012659, 2.012296, 2.011849, 2.009582, 2.005059, 2.002966, 2.000716, 2.000085, 1.999901, 1.999988, 2.000275, 2.000419, 2.000260, 2.000107, 1.999974, 2.000348, 2.000168, 2.000564, 2.000693, 2.001513, 2.001678, 2.001815, 2.001372, 2.000810, 1.999913, 2.000085, 2.001026, 2.001798, 2.004047, 2.004607, 2.006055, 2.007453, 2.005470, 2.005322, 2.004047, 2.001886, 2.001193, 2.000409, 1.999958, 1.999905, 1.999944, 2.000188, 2.000188, 2.000315, 2.000660, 2.000585, 2.000307, 2.000021, 2.000008, 2.000113, 2.000096, 2.000049, 1.999901, 2.000079, 2.000909, 2.000774, 2.001095, 2.001372, 2.001418, 2.001434, 2.002706, 2.003011, 2.003078, 2.003595, 2.004525, 2.006538, 2.006024, 2.006407, 2.004944, 2.002727, 2.001922, 2.001222, 2.000859, 2.000392, 2.000124, 1.999938, 1.999974, 1.999938, 1.999915, 1.999900, 1.999981, 2.000004, 2.000008, 1.999905, 1.999905],
"OutputOffset": [-0.500000, -0.500000, -1.300000, -1.300000],
"OutputScale": [2.000000, 2.000000, 0.833333, 0.833333]
}